1 0.740234375 0.6572265625 0.740234375 0.6904296875 0.7353515625 0.697265625 0.666015625 0.7119140625 0.6943359375 0.712890625 0.7392578125 0.701171875 0.7578125 0.6787109375 0.759765625 0.6552734375 0.751953125 0.6533203125 0.751953125 0.6396484375 0.740234375 0.6572265625
1 0.5146484375 0.6953125 0.5126953125 0.708984375 0.4814453125 0.70703125 0.48046875 0.7158203125 0.5166015625 0.716796875 0.5576171875 0.70703125 0.587890625 0.7216796875 0.59375 0.7451171875 0.576171875 0.7783203125 0.57421875 0.8056640625 0.59765625 0.8486328125 0.5947265625 0.869140625 0.6015625 0.8486328125 0.58203125 0.8154296875 0.578125 0.7900390625 0.59765625 0.7490234375 0.59765625 0.7333984375 0.5849609375 0.712890625 0.541015625 0.6943359375 0.5146484375 0.6953125
1 0.4638671875 0.626953125 0.4228515625 0.642578125 0.3681640625 0.6484375 0.3212890625 0.666015625 0.30078125 0.6572265625 0.298828125 0.6376953125 0.3369140625 0.6328125 0.3330078125 0.626953125 0.2060546875 0.630859375 0.201171875 0.6455078125 0.2109375 0.6708984375 0.251953125 0.7138671875 0.2490234375 0.728515625 0.259765625 0.7119140625 0.2412109375 0.6875 0.216796875 0.6689453125 0.2080078125 0.638671875 0.2822265625 0.634765625 0.29296875 0.6435546875 0.3017578125 0.66796875 0.3212890625 0.671875 0.3701171875 0.654296875 0.4306640625 0.650390625 0.4736328125 0.630859375 0.5283203125 0.623046875 0.533203125 0.6201171875 0.529296875 0.6162109375 0.4638671875 0.626953125
1 0.244140625 0.4365234375 0.244140625 0.4423828125 0.240234375 0.4482421875 0.240234375 0.4541015625 0.255859375 0.4794921875 0.28515625 0.5087890625 0.29296875 0.5205078125 0.29296875 0.5341796875 0.2998046875 0.537109375 0.302734375 0.5341796875 0.3017578125 0.517578125 0.3076171875 0.51953125 0.3173828125 0.529296875 0.3212890625 0.529296875 0.322265625 0.5263671875 0.3125 0.5107421875 0.3125 0.5009765625 0.3037109375 0.48828125 0.2900390625 0.482421875 0.2705078125 0.482421875 0.2578125 0.4716796875 0.25390625 0.4658203125 0.255859375 0.4560546875 0.24609375 0.4365234375 0.244140625 0.4365234375
1 0.3134765625 0.447265625 0.310546875 0.4521484375 0.3193359375 0.451171875 0.3271484375 0.462890625 0.3388671875 0.46875 0.3662109375 0.498046875 0.3818359375 0.494140625 0.4052734375 0.501953125 0.4208984375 0.513671875 0.4462890625 0.5234375 0.46484375 0.5400390625 0.4501953125 0.521484375 0.4326171875 0.51171875 0.4267578125 0.50390625 0.3759765625 0.482421875 0.3427734375 0.455078125 0.32421875 0.4482421875 0.3134765625 0.447265625
1 0.5107421875 0.427734375 0.4814453125 0.44140625 0.4697265625 0.458984375 0.44140625 0.4814453125 0.439453125 0.4892578125 0.4296875 0.4990234375 0.427734375 0.5068359375 0.4306640625 0.5078125 0.4462890625 0.494140625 0.4677734375 0.470703125 0.4775390625 0.46484375 0.4892578125 0.462890625 0.501953125 0.4462890625 0.541015625 0.4072265625 0.541015625 0.3994140625 0.5107421875 0.427734375
1 0.5732421875 0.423828125 0.5703125 0.4267578125 0.5703125 0.4345703125 0.5673828125 0.4375 0.5625 0.4365234375 0.564453125 0.4443359375 0.587890625 0.4775390625 0.591796875 0.4951171875 0.583984375 0.5341796875 0.572265625 0.5380859375 0.5703125 0.5498046875 0.5673828125 0.55078125 0.5625 0.5400390625 0.5546875 0.5322265625 0.548828125 0.5166015625 0.544921875 0.5166015625 0.5546875 0.5419921875 0.5712890625 0.55859375 0.5771484375 0.55859375 0.583984375 0.5498046875 0.59375 0.5302734375 0.59765625 0.5107421875 0.59765625 0.4873046875 0.58984375 0.4599609375 0.587890625 0.4189453125 0.5732421875 0.423828125
1 0.6123046875 0.337890625 0.5302734375 0.369140625 0.4326171875 0.37109375 0.4013671875 0.390625 0.3798397046875 0.41213278437499995 0.375628621875 0.4424525828125 0.388261871875 0.41213278437499995 0.4147916953125 0.38728739375 0.4423828125 0.373046875 0.5712890625 0.376953125 0.5908203125 0.369140625 0.5986328125 0.353515625 0.6396484375 0.3515625 0.640625 0.3369140625 0.6123046875 0.337890625
1 0.3740234375 0.26953125 0.37109375 0.2783203125 0.3623046875 0.283203125 0.3486328125 0.279296875 0.3154296875 0.28125 0.2958984375 0.291015625 0.27734375 0.3095703125 0.271484375 0.3193359375 0.26953125 0.3486328125 0.265625 0.3642578125 0.2685546875 0.3671875 0.2734375 0.3623046875 0.28515625 0.3193359375 0.2900390625 0.3125 0.294921875 0.3115234375 0.2939453125 0.302734375 0.3173828125 0.287109375 0.3251953125 0.287109375 0.3330078125 0.291015625 0.3369140625 0.287109375 0.3603515625 0.2890625 0.3681640625 0.287109375 0.375 0.2822265625 0.376953125 0.2705078125 0.3740234375 0.26953125
1 0.486328125 0.1669921875 0.4951171875 0.17578125 0.5712890625 0.220703125 0.6533203125 0.255859375 0.6787109375 0.263671875 0.68359375 0.2607421875 0.6826171875 0.255859375 0.6689453125 0.25390625 0.6591796875 0.24609375 0.6064453125 0.23046875 0.490234375 0.1669921875 0.486328125 0.1669921875
1 0.6005859375 0.18359375 0.599609375 0.1865234375 0.6630859375 0.23046875 0.6728515625 0.234375 0.6796875 0.2412109375 0.693359375 0.2724609375 0.7119140625 0.291015625 0.72265625 0.2919921875 0.7197265625 0.287109375 0.70703125 0.2802734375 0.6806640625 0.234375 0.6416015625 0.201171875 0.611328125 0.1845703125 0.6005859375 0.18359375
1 0.650390625 0.3935546875 0.654296875 0.4267578125 0.677734375 0.4658203125 0.677734375 0.4736328125 0.68359375 0.4755859375 0.6875 0.5048828125 0.697265625 0.5341796875 0.70703125 0.5498046875 0.7236328125 0.5625 0.712890625 0.5361328125 0.71484375 0.5029296875 0.7109375 0.4912109375 0.7138671875 0.48828125 0.7607421875 0.498046875 0.77734375 0.4755859375 0.7646484375 0.46875 0.759765625 0.4755859375 0.759765625 0.4853515625 0.7548828125 0.48828125 0.7158203125 0.482421875 0.705078125 0.4736328125 0.70703125 0.4619140625 0.7041015625 0.458984375 0.697265625 0.4599609375 0.6953125 0.4697265625 0.6884765625 0.474609375 0.68359375 0.4619140625 0.65625 0.4248046875 0.65625 0.3896484375 0.650390625 0.3935546875