0 0.4833984375 0.60546875 0.4814453125 0.607421875 0.4775390625 0.607421875 0.470703125 0.6142578125 0.470703125 0.6162109375 0.46875 0.6181640625 0.46875 0.6259765625 0.470703125 0.6279296875 0.470703125 0.6298828125 0.4775390625 0.63671875 0.4912109375 0.63671875 0.4931640625 0.634765625 0.4951171875 0.634765625 0.498046875 0.6318359375 0.5 0.6259765625 0.501953125 0.6240234375 0.5 0.6142578125 0.4951171875 0.609375 0.48828125 0.6064453125 0.4833984375 0.60546875
0 0.4404296875 0.544921875 0.4326171875 0.544921875 0.4306640625 0.546875 0.4287109375 0.546875 0.423828125 0.5517578125 0.423828125 0.5556640625 0.421875 0.5576171875 0.421875 0.5654296875 0.423828125 0.5673828125 0.423828125 0.5693359375 0.4267578125 0.572265625 0.4287109375 0.572265625 0.4306640625 0.57421875 0.4345703125 0.57421875 0.4365234375 0.576171875 0.4384765625 0.576171875 0.4404296875 0.57421875 0.4443359375 0.57421875 0.451171875 0.5673828125 0.451171875 0.5634765625 0.453125 0.5615234375 0.453125 0.5595703125 0.451171875 0.5576171875 0.451171875 0.5537109375 0.4443359375 0.546875 0.44140625 0.5458984375 0.4404296875 0.544921875
0 0.5400390625 0.6484375 0.5322265625 0.6484375 0.5302734375 0.650390625 0.5283203125 0.650390625 0.521484375 0.6572265625 0.521484375 0.6611328125 0.51953125 0.6630859375 0.521484375 0.6728515625 0.5283203125 0.6796875 0.5302734375 0.6796875 0.5322265625 0.681640625 0.5419921875 0.681640625 0.5439453125 0.6796875 0.5458984375 0.6796875 0.55078125 0.6748046875 0.55078125 0.6728515625 0.552734375 0.6708984375 0.552734375 0.6591796875 0.55078125 0.6572265625 0.55078125 0.6552734375 0.5478515625 0.65234375 0.541015625 0.6494140625 0.5400390625 0.6484375
0 0.5517578125 0.533203125 0.5419921875 0.533203125 0.5400390625 0.53515625 0.5380859375 0.53515625 0.53515625 0.5380859375 0.533203125 0.5439453125 0.53125 0.5458984375 0.53125 0.5537109375 0.533203125 0.5556640625 0.533203125 0.5576171875 0.5380859375 0.5625 0.5400390625 0.5625 0.5419921875 0.564453125 0.5537109375 0.564453125 0.5625 0.5556640625 0.5625 0.5458984375 0.560546875 0.5439453125 0.560546875 0.5400390625 0.5556640625 0.53515625 0.552734375 0.5341796875 0.5517578125 0.533203125
0 0.6533203125 0.67578125 0.6416015625 0.67578125 0.6328125 0.6845703125 0.6328125 0.6884765625 0.630859375 0.6904296875 0.630859375 0.6982421875 0.6328125 0.7001953125 0.6328125 0.7021484375 0.6396484375 0.708984375 0.6435546875 0.708984375 0.6455078125 0.7109375 0.6533203125 0.7109375 0.6552734375 0.708984375 0.6591796875 0.708984375 0.666015625 0.7001953125 0.666015625 0.6865234375 0.6572265625 0.677734375 0.654296875 0.6767578125 0.6533203125 0.67578125
0 0.8173828125 0.59375 0.8037109375 0.59375 0.798828125 0.5966796875 0.798828125 0.5986328125 0.794921875 0.6025390625 0.794921875 0.6044921875 0.79296875 0.6064453125 0.79296875 0.6162109375 0.794921875 0.6181640625 0.794921875 0.6201171875 0.8017578125 0.626953125 0.8115234375 0.62890625 0.8134765625 0.626953125 0.8173828125 0.626953125 0.826171875 0.6181640625 0.826171875 0.6044921875 0.82421875 0.6025390625 0.82421875 0.6005859375 0.818359375 0.5947265625 0.8173828125 0.59375
0 0.6123046875 0.46484375 0.6005859375 0.46484375 0.591796875 0.4755859375 0.591796875 0.4833984375 0.59375 0.4853515625 0.59375 0.4873046875 0.5966796875 0.490234375 0.6025390625 0.4921875 0.6044921875 0.494140625 0.6103515625 0.494140625 0.6123046875 0.4921875 0.6142578125 0.4921875 0.6171875 0.4892578125 0.619140625 0.4833984375 0.62109375 0.4814453125 0.62109375 0.4755859375 0.619140625 0.4736328125 0.619140625 0.4697265625 0.6162109375 0.466796875 0.61328125 0.4658203125 0.6123046875 0.46484375
0 0.6435546875 0.458984375 0.6318359375 0.458984375 0.6298828125 0.4609375 0.6279296875 0.4609375 0.623046875 0.4658203125 0.623046875 0.4677734375 0.62109375 0.4697265625 0.62109375 0.4794921875 0.623046875 0.4814453125 0.623046875 0.4833984375 0.6298828125 0.490234375 0.6318359375 0.490234375 0.6337890625 0.4921875 0.6416015625 0.4921875 0.6435546875 0.490234375 0.6455078125 0.490234375 0.65234375 0.4833984375 0.65234375 0.4794921875 0.654296875 0.4775390625 0.654296875 0.4736328125 0.65234375 0.4716796875 0.65234375 0.4677734375 0.650390625 0.4658203125 0.650390625 0.4638671875 0.6474609375 0.462890625 0.64453125 0.4599609375 0.6435546875 0.458984375
0 0.5869140625 0.443359375 0.5751953125 0.443359375 0.5732421875 0.4453125 0.5712890625 0.4453125 0.56640625 0.4501953125 0.56640625 0.4521484375 0.564453125 0.4541015625 0.564453125 0.4677734375 0.5693359375 0.474609375 0.5712890625 0.474609375 0.5732421875 0.4765625 0.5869140625 0.4765625 0.5888671875 0.474609375 0.5908203125 0.474609375 0.595703125 0.4697265625 0.595703125 0.4677734375 0.59765625 0.4658203125 0.59765625 0.4541015625 0.5927734375 0.447265625 0.5908203125 0.447265625 0.587890625 0.4443359375 0.5869140625 0.443359375
0 0.5126953125 0.3515625 0.5029296875 0.3515625 0.49609375 0.3564453125 0.49609375 0.3583984375 0.494140625 0.3603515625 0.494140625 0.3720703125 0.4990234375 0.37890625 0.5009765625 0.37890625 0.5029296875 0.380859375 0.5126953125 0.380859375 0.5146484375 0.37890625 0.5166015625 0.37890625 0.521484375 0.3740234375 0.521484375 0.3701171875 0.5234375 0.3681640625 0.5234375 0.3662109375 0.521484375 0.3642578125 0.521484375 0.3583984375 0.5166015625 0.353515625 0.513671875 0.3525390625 0.5126953125 0.3515625
0 0.6220703125 0.5390625 0.6201171875 0.541015625 0.6162109375 0.541015625 0.609375 0.5478515625 0.609375 0.5498046875 0.607421875 0.5517578125 0.607421875 0.5576171875 0.609375 0.5595703125 0.609375 0.5634765625 0.611328125 0.5654296875 0.611328125 0.5673828125 0.6181640625 0.572265625 0.6318359375 0.572265625 0.640625 0.5634765625 0.640625 0.5595703125 0.642578125 0.5576171875 0.638671875 0.5458984375 0.6318359375 0.541015625 0.626953125 0.5400390625 0.6220703125 0.5390625
0 0.4560546875 0.16796875 0.4443359375 0.16796875 0.4375 0.1748046875 0.4375 0.1767578125 0.435546875 0.1787109375 0.435546875 0.1884765625 0.4375 0.1904296875 0.4375 0.1923828125 0.4443359375 0.19921875 0.4580078125 0.19921875 0.46484375 0.1923828125 0.46484375 0.1884765625 0.466796875 0.1865234375 0.466796875 0.1806640625 0.462890625 0.1748046875 0.462890625 0.1728515625 0.4599609375 0.169921875 0.45703125 0.1689453125 0.4560546875 0.16796875