1 0.669921875 0.8056640625 0.7373046875 0.75390625 0.7587890625 0.751953125 0.7646484375 0.7578125 0.7763671875 0.748046875 0.7880859375 0.748046875 0.794921875 0.7392578125 0.794921875 0.7333984375 0.7900390625 0.728515625 0.7822265625 0.732421875 0.7666015625 0.73046875 0.7568359375 0.740234375 0.7373046875 0.744140625 0.6865234375 0.787109375 0.6689453125 0.798828125 0.654296875 0.8037109375 0.6572265625 0.806640625
1 0.845703125 0.6806640625 0.8525390625 0.677734375 0.873046875 0.6611328125 0.869140625 0.6572265625 0.869140625 0.6533203125 0.87109375 0.6513671875 0.87109375 0.6435546875 0.8759765625 0.63671875 0.8916015625 0.638671875 0.9013671875 0.6328125 0.91015625 0.6240234375 0.91015625 0.6220703125 0.9072265625 0.619140625 0.8974609375 0.62890625 0.8876953125 0.623046875 0.8701171875 0.623046875 0.8671875 0.6298828125 0.861328125 0.6337890625 0.86328125 0.6396484375 0.849609375 0.6513671875 0.8515625 0.6552734375 0.849609375 0.6630859375 0.837890625 0.6748046875 0.8388671875 0.681640625
1 0.662109375 0.7529296875 0.67578125 0.7373046875 0.68359375 0.7197265625 0.6875 0.7001953125 0.703125 0.6708984375 0.705078125 0.6611328125 0.7138671875 0.650390625 0.7177734375 0.650390625 0.72265625 0.6455078125 0.7236328125 0.634765625 0.7177734375 0.634765625 0.69921875 0.6455078125 0.6953125 0.6552734375 0.697265625 0.6650390625 0.685546875 0.6845703125 0.673828125 0.7314453125 0.658203125 0.7529296875
1 0.798828125 0.6064453125 0.81640625 0.5908203125 0.826171875 0.5751953125 0.8408203125 0.55859375 0.8466796875 0.556640625 0.8544921875 0.55078125 0.8583984375 0.55078125 0.861328125 0.5458984375 0.8564453125 0.544921875 0.8505859375 0.548828125 0.8447265625 0.548828125 0.8388671875 0.552734375 0.8203125 0.5732421875 0.8203125 0.5751953125 0.8154296875 0.578125 0.796875 0.5986328125 0.79296875 0.6064453125
1 0.724609375 0.5986328125 0.724609375 0.5849609375 0.716796875 0.5712890625 0.716796875 0.5673828125 0.712890625 0.5634765625 0.712890625 0.5615234375 0.70703125 0.5537109375 0.70703125 0.5517578125 0.7001953125 0.544921875 0.697265625 0.5478515625 0.697265625 0.5556640625 0.69921875 0.5576171875 0.69921875 0.5615234375 0.70703125 0.5693359375 0.70703125 0.5712890625 0.708984375 0.5732421875 0.708984375 0.5771484375 0.712890625 0.5810546875 0.712890625 0.5830078125 0.71484375 0.5849609375 0.720703125 0.5986328125 0.7216796875 0.599609375
1 0.603515625 0.6962890625 0.603515625 0.6787109375 0.609375 0.6748046875 0.609375 0.6708984375 0.576171875 0.6416015625 0.552734375 0.6064453125 0.552734375 0.5458984375 0.5478515625 0.5390625 0.546875 0.6064453125 0.552734375 0.6201171875 0.578125 0.6533203125 0.583984375 0.6650390625 0.583984375 0.6748046875 0.595703125 0.6923828125 0.6005859375 0.697265625
1 0.58984375 0.5595703125 0.5810546875 0.544921875 0.5654296875 0.53515625 0.5537109375 0.533203125 0.5458984375 0.521484375 0.53125 0.5185546875 0.53515625 0.5029296875 0.529296875 0.4873046875 0.5234375 0.4814453125 0.5234375 0.4697265625 0.517578125 0.4482421875 0.5068359375 0.439453125 0.4912109375 0.439453125 0.486328125 0.4501953125 0.486328125 0.4599609375 0.49609375 0.4716796875 0.494140625 0.4912109375 0.50390625 0.5146484375 0.513671875 0.5283203125 0.5185546875 0.533203125 0.5263671875 0.529296875 0.5478515625 0.5390625 0.5634765625 0.5390625 0.5791015625 0.55859375
1 0.58984375 0.4423828125 0.59375 0.4365234375 0.58984375 0.4228515625 0.5791015625 0.4140625 0.5732421875 0.4140625 0.5703125 0.4111328125 0.5625 0.3974609375 0.560546875 0.3876953125 0.5224609375 0.3515625 0.521484375 0.3544921875 0.5390625 0.3779296875 0.541015625 0.3896484375 0.546875 0.3994140625 0.568359375 0.4189453125 0.57421875 0.4384765625 0.5791015625 0.443359375
1 0.630859375 0.4306640625 0.6357421875 0.4296875 0.6376953125 0.427734375 0.6416015625 0.427734375 0.65234375 0.4169921875 0.65234375 0.4150390625 0.662109375 0.4033203125 0.662109375 0.3994140625 0.6640625 0.3974609375 0.662109375 0.3955078125 0.6611328125 0.390625 0.6591796875 0.390625 0.6533203125 0.38671875 0.6435546875 0.38671875 0.6416015625 0.384765625 0.6376953125 0.384765625 0.6357421875 0.38671875 0.6337890625 0.38671875 0.62890625 0.3916015625 0.626953125 0.3974609375 0.6220703125 0.40234375 0.619140625 0.4033203125 0.619140625 0.4052734375 0.615234375 0.4091796875 0.6171875 0.4111328125 0.6171875 0.4130859375 0.615234375 0.4150390625 0.615234375 0.4189453125 0.6171875 0.4208984375 0.6171875 0.4228515625 0.6220703125 0.427734375 0.6240234375 0.427734375 0.6298828125 0.431640625
1 0.755859375 0.3369140625 0.7578125 0.3251953125 0.7421875 0.3115234375 0.73828125 0.3017578125 0.7255859375 0.2890625 0.6884765625 0.28515625 0.6787109375 0.29296875 0.6728515625 0.294921875 0.666015625 0.3017578125 0.666015625 0.3056640625 0.6708984375 0.30859375 0.6748046875 0.306640625 0.6796875 0.2978515625 0.6845703125 0.294921875 0.7060546875 0.294921875 0.7314453125 0.30859375 0.732421875 0.3115234375 0.7421875 0.3193359375 0.744140625 0.3271484375 0.751953125 0.3369140625
1 0.853515625 0.5263671875 0.85546875 0.5146484375 0.845703125 0.4931640625 0.8369140625 0.4921875 0.826171875 0.4814453125 0.81640625 0.4658203125 0.79296875 0.4404296875 0.7890625 0.4306640625 0.7841796875 0.427734375 0.7890625 0.4443359375 0.798828125 0.4521484375 0.8046875 0.4638671875 0.818359375 0.4814453125 0.822265625 0.4912109375 0.841796875 0.5107421875 0.84765625 0.5244140625 0.8505859375 0.52734375
1 0.908203125 0.5087890625 0.916015625 0.5009765625 0.916015625 0.4892578125 0.904296875 0.4775390625 0.8984375 0.4541015625 0.908203125 0.4208984375 0.92578125 0.3935546875 0.8984375 0.4072265625 0.900390625 0.4169921875 0.8896484375 0.44140625 0.8583984375 0.419921875 0.8076171875 0.40234375 0.79296875 0.3837890625 0.791015625 0.3095703125 0.7734375 0.2548828125 0.7236328125 0.216796875 0.6533203125 0.193359375 0.6533203125 0.201171875 0.6767578125 0.208984375 0.6884765625 0.22265625 0.7216796875 0.2265625 0.76953125 0.2607421875 0.783203125 0.3076171875 0.78515625 0.3857421875 0.791015625 0.3974609375 0.8154296875 0.4140625 0.8740234375 0.4375 0.888671875 0.4541015625 0.880859375 0.4775390625 0.884765625 0.4951171875 0.8896484375 0.501953125 0.8994140625 0.498046875
1 0.806640625 0.3818359375 0.8310546875 0.37109375 0.849609375 0.3544921875 0.8271484375 0.35546875 0.818359375 0.3505859375 0.806640625 0.3173828125 0.80078125 0.3095703125 0.80078125 0.2939453125 0.8125 0.2685546875 0.8271484375 0.251953125 0.8486328125 0.244140625 0.8603515625 0.236328125 0.8486328125 0.23828125 0.8193359375 0.251953125 0.796875 0.2919921875 0.796875 0.3115234375 0.814453125 0.3583984375 0.8134765625 0.36328125 0.8056640625 0.36328125 0.798828125 0.3681640625 0.80078125 0.3779296875
1 0.880859375 0.2978515625 0.904296875 0.2783203125 0.9267578125 0.25 0.943359375 0.2392578125 0.9404296875 0.234375 0.9306640625 0.232421875 0.9091796875 0.251953125 0.8916015625 0.255859375 0.880859375 0.2763671875 0.8798828125 0.291015625 0.8740234375 0.29296875 0.8662109375 0.29296875 0.8642578125 0.291015625 0.849609375 0.2919921875 0.8642578125 0.298828125