1 0.5703125 0.5087890625 0.5361328125 0.48828125 0.51953125 0.4658203125 0.515625 0.4365234375 0.52734375 0.4208984375 0.52734375 0.3916015625 0.5166015625 0.38671875 0.490234375 0.4072265625 0.490234375 0.4169921875 0.5078125 0.4326171875 0.509765625 0.4658203125 0.517578125 0.4814453125 0.5361328125 0.498046875 0.564453125 0.5107421875 0.5703125 0.5087890625
1 0.4970703125 0.666015625 0.5009765625 0.65625 0.51953125 0.6435546875 0.5185546875 0.611328125 0.478515625 0.6376953125 0.470703125 0.6494140625 0.46875 0.6767578125 0.4970703125 0.666015625
0 0.0205078125 0.533203125 0.0283203125 0.533203125 0.0302734375 0.53125 0.0322265625 0.53125 0.041015625 0.5224609375 0.041015625 0.5107421875 0.0390625 0.5087890625 0.0390625 0.5068359375 0.0341796875 0.501953125 0.0322265625 0.501953125 0.0302734375 0.5 0.0185546875 0.5 0.0166015625 0.501953125 0.0146484375 0.501953125 0.009765625 0.5068359375 0.009765625 0.5126953125 0.0078125 0.5146484375 0.0078125 0.5166015625 0.009765625 0.5185546875 0.009765625 0.5244140625 0.0166015625 0.53125 0.01953125 0.5322265625 0.0205078125 0.533203125
0 0.2587890625 0.48828125 0.2685546875 0.48828125 0.2705078125 0.486328125 0.2724609375 0.486328125 0.279296875 0.4794921875 0.279296875 0.4677734375 0.27734375 0.4658203125 0.27734375 0.4638671875 0.2724609375 0.458984375 0.2705078125 0.458984375 0.2685546875 0.45703125 0.2568359375 0.45703125 0.2548828125 0.458984375 0.2529296875 0.458984375 0.248046875 0.4638671875 0.248046875 0.4658203125 0.24609375 0.4677734375 0.24609375 0.4775390625 0.248046875 0.4794921875 0.248046875 0.4814453125 0.2529296875 0.486328125 0.2578125 0.4873046875 0.2587890625 0.48828125
0 0.2275390625 0.544921875 0.2373046875 0.544921875 0.2392578125 0.54296875 0.2431640625 0.54296875 0.25 0.5361328125 0.25 0.5341796875 0.251953125 0.5322265625 0.251953125 0.5283203125 0.2470703125 0.51953125 0.2412109375 0.517578125 0.2392578125 0.515625 0.2314453125 0.515625 0.2294921875 0.517578125 0.2275390625 0.517578125 0.220703125 0.5244140625 0.220703125 0.5263671875 0.21875 0.5283203125 0.21875 0.5380859375 0.2236328125 0.54296875 0.2265625 0.5439453125 0.2275390625 0.544921875
0 0.2998046875 0.447265625 0.3115234375 0.447265625 0.3134765625 0.4453125 0.3154296875 0.4453125 0.3203125 0.4404296875 0.3203125 0.4384765625 0.322265625 0.4365234375 0.322265625 0.4248046875 0.3154296875 0.41796875 0.3134765625 0.41796875 0.3115234375 0.416015625 0.3037109375 0.416015625 0.3017578125 0.41796875 0.2998046875 0.41796875 0.29296875 0.4248046875 0.29296875 0.4287109375 0.294921875 0.4306640625 0.294921875 0.4423828125 0.298828125 0.4462890625 0.2998046875 0.447265625
0 0.3310546875 0.419921875 0.3408203125 0.419921875 0.3427734375 0.41796875 0.3447265625 0.41796875 0.349609375 0.4130859375 0.349609375 0.4091796875 0.3515625 0.4072265625 0.3515625 0.4052734375 0.349609375 0.4033203125 0.349609375 0.3994140625 0.3466796875 0.39453125 0.3447265625 0.39453125 0.3427734375 0.392578125 0.3388671875 0.392578125 0.3369140625 0.390625 0.3349609375 0.392578125 0.3291015625 0.392578125 0.322265625 0.3994140625 0.322265625 0.4111328125 0.3251953125 0.416015625 0.3271484375 0.416015625 0.330078125 0.4189453125 0.3310546875 0.419921875
0 0.4150390625 0.404296875 0.4267578125 0.404296875 0.4287109375 0.40234375 0.4306640625 0.40234375 0.435546875 0.3974609375 0.435546875 0.3955078125 0.4375 0.3935546875 0.4375 0.3818359375 0.435546875 0.3798828125 0.435546875 0.3779296875 0.4326171875 0.375 0.4267578125 0.373046875 0.4248046875 0.37109375 0.4169921875 0.37109375 0.4111328125 0.375 0.4091796875 0.375 0.404296875 0.3837890625 0.404296875 0.3935546875 0.40625 0.3955078125 0.40625 0.3974609375 0.4111328125 0.40234375 0.4140625 0.4033203125 0.4150390625 0.404296875
0 0.4443359375 0.421875 0.4560546875 0.421875 0.466796875 0.4150390625 0.466796875 0.4033203125 0.46484375 0.4013671875 0.46484375 0.3994140625 0.4580078125 0.392578125 0.4560546875 0.392578125 0.4541015625 0.390625 0.4501953125 0.390625 0.4482421875 0.388671875 0.44140625 0.3916015625 0.4375 0.4013671875 0.435546875 0.4033203125 0.435546875 0.4150390625 0.4404296875 0.419921875 0.443359375 0.4208984375 0.4443359375 0.421875
0 0.3623046875 0.51171875 0.3701171875 0.51171875 0.3720703125 0.509765625 0.3740234375 0.509765625 0.37890625 0.5048828125 0.37890625 0.4912109375 0.3740234375 0.484375 0.3720703125 0.484375 0.3701171875 0.482421875 0.3662109375 0.482421875 0.3603515625 0.486328125 0.3583984375 0.486328125 0.353515625 0.4931640625 0.353515625 0.5009765625 0.35546875 0.5029296875 0.35546875 0.5048828125 0.361328125 0.5107421875 0.3623046875 0.51171875
0 0.3583984375 0.576171875 0.3681640625 0.576171875 0.3701171875 0.57421875 0.3720703125 0.57421875 0.376953125 0.5693359375 0.376953125 0.5673828125 0.37890625 0.5654296875 0.37890625 0.5537109375 0.3740234375 0.546875 0.3720703125 0.546875 0.3701171875 0.544921875 0.3544921875 0.544921875 0.34765625 0.5517578125 0.34765625 0.5537109375 0.345703125 0.5556640625 0.345703125 0.5634765625 0.34765625 0.5654296875 0.34765625 0.5673828125 0.3544921875 0.57421875 0.357421875 0.5751953125 0.3583984375 0.576171875
0 0.4599609375 0.541015625 0.4677734375 0.541015625 0.4697265625 0.5390625 0.4716796875 0.5390625 0.478515625 0.5322265625 0.478515625 0.5205078125 0.4716796875 0.513671875 0.4697265625 0.513671875 0.4677734375 0.51171875 0.4619140625 0.51171875 0.4599609375 0.513671875 0.4580078125 0.513671875 0.453125 0.5185546875 0.453125 0.5205078125 0.451171875 0.5224609375 0.451171875 0.5341796875 0.4560546875 0.5390625 0.458984375 0.5400390625 0.4599609375 0.541015625
0 0.3388671875 0.720703125 0.3505859375 0.720703125 0.35546875 0.7158203125 0.35546875 0.7138671875 0.357421875 0.7119140625 0.357421875 0.6982421875 0.35546875 0.6962890625 0.35546875 0.6943359375 0.3486328125 0.6875 0.3466796875 0.6875 0.3447265625 0.685546875 0.3408203125 0.685546875 0.3349609375 0.689453125 0.3330078125 0.689453125 0.326171875 0.6962890625 0.326171875 0.6982421875 0.32421875 0.7001953125 0.32421875 0.7080078125 0.326171875 0.7099609375 0.326171875 0.7119140625 0.3310546875 0.716796875 0.337890625 0.7197265625 0.3388671875 0.720703125
0 0.4130859375 0.65234375 0.4150390625 0.650390625 0.4189453125 0.650390625 0.427734375 0.6416015625 0.427734375 0.6318359375 0.42578125 0.6298828125 0.42578125 0.6279296875 0.4169921875 0.62109375 0.4052734375 0.62109375 0.4033203125 0.623046875 0.4013671875 0.623046875 0.39453125 0.6298828125 0.39453125 0.6396484375 0.396484375 0.6416015625 0.396484375 0.6435546875 0.4033203125 0.650390625 0.408203125 0.6513671875 0.4130859375 0.65234375
0 0.4912109375 0.625 0.4970703125 0.62109375 0.4990234375 0.62109375 0.50390625 0.6162109375 0.50390625 0.6142578125 0.505859375 0.6123046875 0.505859375 0.6044921875 0.50390625 0.6025390625 0.50390625 0.6005859375 0.4990234375 0.595703125 0.4970703125 0.595703125 0.4951171875 0.59375 0.4873046875 0.59375 0.4853515625 0.595703125 0.4814453125 0.595703125 0.4765625 0.6005859375 0.4765625 0.6044921875 0.474609375 0.6064453125 0.474609375 0.6123046875 0.478515625 0.6181640625 0.478515625 0.6201171875 0.486328125 0.6240234375 0.4912109375 0.625
0 0.5009765625 0.55078125 0.5087890625 0.544921875 0.5107421875 0.544921875 0.51171875 0.5419921875 0.515625 0.5380859375 0.515625 0.5341796875 0.517578125 0.5322265625 0.513671875 0.5224609375 0.5107421875 0.51953125 0.5048828125 0.517578125 0.5029296875 0.515625 0.4951171875 0.515625 0.4931640625 0.517578125 0.4912109375 0.517578125 0.486328125 0.5224609375 0.486328125 0.5244140625 0.484375 0.5263671875 0.484375 0.5322265625 0.482421875 0.5341796875 0.484375 0.5361328125 0.484375 0.5400390625 0.486328125 0.5419921875 0.486328125 0.5439453125 0.4892578125 0.546875 0.498046875 0.5498046875 0.5009765625 0.55078125
0 0.5009765625 0.513671875 0.5029296875 0.51171875 0.5087890625 0.51171875 0.517578125 0.5029296875 0.517578125 0.5009765625 0.515625 0.4990234375 0.515625 0.4912109375 0.513671875 0.4892578125 0.513671875 0.4853515625 0.5068359375 0.478515625 0.4951171875 0.478515625 0.4931640625 0.48046875 0.4912109375 0.48046875 0.486328125 0.4853515625 0.486328125 0.4892578125 0.484375 0.4912109375 0.484375 0.4970703125 0.482421875 0.4990234375 0.482421875 0.5029296875 0.4912109375 0.51171875 0.49609375 0.5126953125 0.5009765625 0.513671875
0 0.5791015625 0.474609375 0.5849609375 0.470703125 0.5869140625 0.470703125 0.591796875 0.4619140625 0.591796875 0.4521484375 0.5869140625 0.4453125 0.5849609375 0.4453125 0.5830078125 0.443359375 0.5732421875 0.443359375 0.5673828125 0.447265625 0.5654296875 0.447265625 0.560546875 0.4560546875 0.560546875 0.4599609375 0.564453125 0.4658203125 0.564453125 0.4677734375 0.5693359375 0.47265625 0.5751953125 0.47265625 0.576171875 0.4736328125 0.5791015625 0.474609375
0 0.6162109375 0.52734375 0.6181640625 0.525390625 0.6220703125 0.525390625 0.62890625 0.5185546875 0.62890625 0.5146484375 0.630859375 0.5126953125 0.626953125 0.5009765625 0.6240234375 0.498046875 0.6201171875 0.498046875 0.6181640625 0.49609375 0.6123046875 0.49609375 0.6103515625 0.498046875 0.6064453125 0.498046875 0.6015625 0.5029296875 0.6015625 0.5068359375 0.599609375 0.5087890625 0.599609375 0.5146484375 0.6015625 0.5166015625 0.6015625 0.5185546875 0.6083984375 0.525390625 0.61328125 0.5263671875 0.6162109375 0.52734375
0 0.5400390625 0.529296875 0.5419921875 0.52734375 0.5478515625 0.52734375 0.5546875 0.5205078125 0.5546875 0.5185546875 0.556640625 0.5166015625 0.556640625 0.5068359375 0.5517578125 0.501953125 0.5458984375 0.5 0.5439453125 0.498046875 0.5400390625 0.498046875 0.5380859375 0.49609375 0.5361328125 0.498046875 0.5322265625 0.498046875 0.525390625 0.5048828125 0.525390625 0.5068359375 0.5234375 0.5087890625 0.5234375 0.5166015625 0.525390625 0.5185546875 0.525390625 0.5205078125 0.5322265625 0.52734375 0.5380859375 0.52734375 0.5390625 0.5283203125 0.5400390625 0.529296875
0 0.5810546875 0.5234375 0.5908203125 0.5234375 0.59765625 0.5185546875 0.59765625 0.5166015625 0.599609375 0.5146484375 0.599609375 0.5087890625 0.6015625 0.5068359375 0.6015625 0.5009765625 0.5927734375 0.4921875 0.5830078125 0.4921875 0.5810546875 0.494140625 0.5791015625 0.494140625 0.572265625 0.5009765625 0.5703125 0.5107421875 0.572265625 0.5126953125 0.572265625 0.5166015625 0.5771484375 0.521484375 0.580078125 0.5224609375 0.5810546875 0.5234375
0 0.4482421875 0.45703125 0.4580078125 0.45703125 0.4599609375 0.455078125 0.4619140625 0.455078125 0.46875 0.4482421875 0.46875 0.4443359375 0.470703125 0.4423828125 0.470703125 0.4404296875 0.46875 0.4384765625 0.46875 0.4326171875 0.466796875 0.4306640625 0.466796875 0.4287109375 0.4638671875 0.42578125 0.4580078125 0.423828125 0.4560546875 0.421875 0.4521484375 0.421875 0.4501953125 0.423828125 0.4462890625 0.423828125 0.4443359375 0.42578125 0.4423828125 0.42578125 0.439453125 0.4287109375 0.4375 0.4345703125 0.435546875 0.4365234375 0.435546875 0.4423828125 0.439453125 0.4482421875 0.439453125 0.4501953125 0.4443359375 0.455078125 0.447265625 0.4560546875 0.4482421875 0.45703125
0 0.7451171875 0.408203125 0.7509765625 0.408203125 0.759765625 0.4013671875 0.759765625 0.3896484375 0.7578125 0.3876953125 0.7578125 0.3857421875 0.7529296875 0.380859375 0.7509765625 0.380859375 0.7490234375 0.37890625 0.7392578125 0.37890625 0.732421875 0.3837890625 0.732421875 0.3857421875 0.73046875 0.3876953125 0.73046875 0.3955078125 0.732421875 0.3974609375 0.732421875 0.3994140625 0.7392578125 0.40625 0.744140625 0.4072265625 0.7451171875 0.408203125
0 0.6396484375 0.51953125 0.6455078125 0.51953125 0.6513671875 0.515625 0.6533203125 0.515625 0.658203125 0.5107421875 0.658203125 0.5068359375 0.66015625 0.5048828125 0.658203125 0.4951171875 0.6533203125 0.490234375 0.6513671875 0.490234375 0.6494140625 0.48828125 0.6455078125 0.48828125 0.6435546875 0.486328125 0.6416015625 0.486328125 0.6396484375 0.48828125 0.6357421875 0.48828125 0.62890625 0.4951171875 0.62890625 0.5068359375 0.630859375 0.5087890625 0.630859375 0.5126953125 0.6357421875 0.517578125 0.638671875 0.5185546875 0.6396484375 0.51953125
0 0.2099609375 0.57421875 0.21875 0.5654296875 0.2060546875 0.54296875 0.1943359375 0.544921875 0.1875 0.5556640625 0.185546875 0.5654296875 0.193359375 0.5732421875 0.2099609375 0.57421875
1 0.1943359375 0.57421875 0.2099609375 0.57421875 0.216796875 0.5693359375 0.216796875 0.5673828125 0.21875 0.5654296875 0.21875 0.5615234375 0.216796875 0.5595703125 0.216796875 0.5556640625 0.21484375 0.5537109375 0.21484375 0.5517578125 0.2060546875 0.54296875 0.1982421875 0.54296875 0.1962890625 0.544921875 0.1943359375 0.544921875 0.19140625 0.5478515625 0.189453125 0.5537109375 0.1875 0.5556640625 0.1875 0.5615234375 0.185546875 0.5634765625 0.185546875 0.5654296875 0.1904296875 0.572265625 0.193359375 0.5732421875 0.1943359375 0.57421875
1 0.2080078125 0.494140625 0.2138671875 0.494140625 0.2158203125 0.4921875 0.2197265625 0.4921875 0.2216796875 0.490234375 0.2314453125 0.490234375 0.236328125 0.4873046875 0.236328125 0.4814453125 0.2373074453125 0.47830857812499994 0.23618738437500003 0.475227775 0.234787315625 0.4699063921875 0.2319871796875 0.46346472031249997 0.2275390625 0.458984375 0.2236328125 0.458984375 0.2177734375 0.462890625 0.2099609375 0.462890625 0.2080078125 0.46484375 0.2041015625 0.46484375 0.201171875 0.4677734375 0.199785521875 0.471586825 0.19921875 0.4755859375 0.19921875 0.4775390625 0.201171875 0.4794921875 0.201171875 0.4853515625 0.203125 0.4873046875 0.203125 0.4892578125 0.20703125 0.4931640625 0.2080078125 0.494140625
1 0.3681640625 0.65625 0.380859375 0.6396484375 0.37890625 0.6298828125 0.3662109375 0.62109375 0.3525390625 0.623046875 0.34765625 0.6337890625 0.34765625 0.6494140625 0.357421875 0.6572265625 0.3681640625 0.65625