1 0.306640625 0.2255859375 0.3046875 0.2275390625 0.3046875 0.2333984375 0.302734375 0.2353515625 0.302734375 0.2431640625 0.30078125 0.2451171875 0.30078125 0.2509765625 0.302734375 0.2529296875 0.302734375 0.2548828125 0.3076171875 0.2578125 0.3134765625 0.2578125 0.3154296875 0.259765625 0.3251953125 0.259765625 0.33203125 0.2548828125 0.33203125 0.2509765625 0.333984375 0.2490234375 0.333984375 0.2451171875 0.3359375 0.2431640625 0.3359375 0.2373046875 0.337890625 0.2353515625 0.337890625 0.2275390625 0.33984375 0.2255859375 0.3349609375 0.220703125 0.3310546875 0.220703125 0.3291015625 0.21875 0.3173828125 0.21875 0.3154296875 0.216796875 0.3095703125 0.216796875 0.30859375 0.2177734375 0.306640625 0.2197265625 0.306640625 0.2255859375
1 0.2861328125 0.333984375 0.2822265625 0.333984375 0.279296875 0.3369140625 0.279296875 0.3447265625 0.3037109375 0.369140625 0.3115234375 0.373046875 0.3154296875 0.37109375 0.326171875 0.3603515625 0.330078125 0.3525390625 0.330078125 0.3486328125 0.3076171875 0.326171875 0.3056640625 0.326171875 0.3017578125 0.322265625 0.296875 0.3232421875 0.2900390625 0.33203125 0.2861328125 0.333984375
1 0.26953125 0.3017578125 0.267578125 0.3037109375 0.267578125 0.3076171875 0.265625 0.3095703125 0.265625 0.3232421875 0.267578125 0.3251953125 0.26953125 0.3310546875 0.2724609375 0.333984375 0.2802734375 0.333984375 0.2822265625 0.33203125 0.2861328125 0.33203125 0.2880859375 0.330078125 0.29296875 0.3291015625 0.29296875 0.3271484375 0.296875 0.3212890625 0.296875 0.3056640625 0.294921875 0.3037109375 0.294921875 0.3017578125 0.2880859375 0.294921875 0.2861328125 0.294921875 0.2841796875 0.29296875 0.2763671875 0.29296875 0.275390625 0.2939453125 0.26953125 0.2998046875 0.26953125 0.3017578125
1 0.5 0.2685546875 0.5 0.2705078125 0.49609375 0.2744140625 0.49609375 0.2763671875 0.494140625 0.2783203125 0.494140625 0.2822265625 0.490234375 0.2880859375 0.490234375 0.3056640625 0.4970703125 0.310546875 0.5068359375 0.310546875 0.525390625 0.2919921875 0.525390625 0.2880859375 0.52734375 0.2861328125 0.52734375 0.2705078125 0.5224609375 0.265625 0.5205078125 0.265625 0.5146484375 0.26171875 0.5087890625 0.26171875 0.5078125 0.2626953125 0.5048828125 0.263671875 0.5 0.2685546875
1 0.3984375 0.4345703125 0.39453125 0.4404296875 0.39453125 0.4580078125 0.3994140625 0.462890625 0.4013671875 0.462890625 0.4033203125 0.46484375 0.4052734375 0.46484375 0.4072265625 0.462890625 0.4130859375 0.4609375 0.4169921875 0.45703125 0.4189453125 0.45703125 0.427734375 0.4482421875 0.427734375 0.4462890625 0.431640625 0.4404296875 0.431640625 0.4287109375 0.4248046875 0.421875 0.4228515625 0.421875 0.4208984375 0.419921875 0.4111328125 0.419921875 0.41015625 0.4208984375 0.3984375 0.4326171875 0.3984375 0.4345703125
1 0.25390625 0.4150390625 0.25390625 0.4248046875 0.255859375 0.4267578125 0.255859375 0.4404296875 0.2578125 0.4423828125 0.2578125 0.4462890625 0.26171875 0.4541015625 0.265625 0.4580078125 0.265625 0.4599609375 0.2744140625 0.46875 0.2783203125 0.470703125 0.2880859375 0.46875 0.294921875 0.4619140625 0.294921875 0.4580078125 0.298828125 0.4521484375 0.294921875 0.4443359375 0.294921875 0.4404296875 0.291015625 0.4345703125 0.2890625 0.4248046875 0.2822265625 0.421875 0.2744140625 0.41015625 0.2705078125 0.408203125 0.259765625 0.4091796875 0.2568359375 0.41015625 0.25390625 0.4150390625
1 0.2861328125 0.486328125 0.2841796875 0.486328125 0.283203125 0.4892578125 0.27734375 0.4951171875 0.27734375 0.5087890625 0.2841796875 0.515625 0.2861328125 0.515625 0.2880859375 0.517578125 0.2958984375 0.517578125 0.2978515625 0.515625 0.2998046875 0.515625 0.310546875 0.5048828125 0.310546875 0.5029296875 0.314453125 0.4970703125 0.314453125 0.4873046875 0.3125 0.4853515625 0.3125 0.4833984375 0.3076171875 0.478515625 0.2978515625 0.478515625 0.296875 0.4794921875 0.2919921875 0.48046875 0.2861328125 0.486328125
1 0.4697265625 0.51171875 0.4677734375 0.51171875 0.4609375 0.5205078125 0.4609375 0.5244140625 0.4716796875 0.533203125 0.4775390625 0.53515625 0.4833984375 0.541015625 0.4873046875 0.541015625 0.4892578125 0.54296875 0.4951171875 0.54296875 0.5 0.5361328125 0.5 0.5302734375 0.501953125 0.5283203125 0.501953125 0.5224609375 0.50390625 0.5205078125 0.50390625 0.5107421875 0.501953125 0.5087890625 0.501953125 0.5068359375 0.4990234375 0.505859375 0.4951171875 0.501953125 0.4833984375 0.501953125 0.482421875 0.5029296875 0.4755859375 0.505859375 0.4697265625 0.51171875
1 0.349609375 0.5791015625 0.35546875 0.5849609375 0.35546875 0.5869140625 0.359375 0.5908203125 0.359375 0.5927734375 0.3662109375 0.6015625 0.3720703125 0.6015625 0.3779296875 0.59765625 0.3818359375 0.59765625 0.3837890625 0.595703125 0.3896484375 0.59375 0.392578125 0.5908203125 0.392578125 0.5869140625 0.390625 0.5849609375 0.384765625 0.5712890625 0.3740234375 0.55859375 0.369140625 0.5595703125 0.349609375 0.5771484375 0.349609375 0.5791015625
1 0.2431640625 0.568359375 0.23828125 0.5732421875 0.23828125 0.5751953125 0.236328125 0.5771484375 0.236328125 0.5869140625 0.2392578125 0.58984375 0.2412109375 0.58984375 0.2490234375 0.59765625 0.2509765625 0.59765625 0.2529296875 0.599609375 0.2744140625 0.599609375 0.2763671875 0.59765625 0.2783203125 0.59765625 0.287109375 0.5888671875 0.287109375 0.5849609375 0.2890625 0.5830078125 0.2890625 0.5771484375 0.2802734375 0.5703125 0.2783203125 0.5703125 0.2763671875 0.568359375 0.2705078125 0.568359375 0.2685546875 0.56640625 0.2509765625 0.56640625 0.25 0.5673828125 0.2490234375 0.568359375 0.2431640625 0.568359375
1 0.23828125 0.5185546875 0.236328125 0.5205078125 0.236328125 0.5244140625 0.232421875 0.5302734375 0.2392578125 0.537109375 0.2431640625 0.537109375 0.2451171875 0.5390625 0.2490234375 0.5390625 0.2509765625 0.541015625 0.2548828125 0.541015625 0.2568359375 0.54296875 0.2646484375 0.54296875 0.265625 0.5419921875 0.265625 0.5361328125 0.267578125 0.5341796875 0.267578125 0.5302734375 0.26953125 0.5283203125 0.26953125 0.5205078125 0.2607421875 0.515625 0.2587890625 0.515625 0.2568359375 0.513671875 0.2509765625 0.513671875 0.2490234375 0.51171875 0.2431640625 0.51171875 0.2421875 0.5126953125 0.23828125 0.5166015625 0.23828125 0.5185546875
1 0.4794921875 0.59375 0.4755859375 0.59375 0.47265625 0.5966796875 0.47265625 0.6064453125 0.474609375 0.6083984375 0.474609375 0.6103515625 0.4853515625 0.619140625 0.4892578125 0.619140625 0.4912109375 0.62109375 0.4951171875 0.62109375 0.4970703125 0.623046875 0.4990234375 0.62109375 0.5048828125 0.62109375 0.5068359375 0.619140625 0.5087890625 0.619140625 0.509765625 0.6162109375 0.513671875 0.6123046875 0.513671875 0.6005859375 0.5068359375 0.59375 0.5048828125 0.59375 0.5029296875 0.591796875 0.4912109375 0.591796875 0.4892578125 0.58984375 0.486328125 0.5908203125 0.4814453125 0.591796875 0.4794921875 0.59375
1 0.419921875 0.6474609375 0.419921875 0.6513671875 0.4169921875 0.654296875 0.4150390625 0.654296875 0.408203125 0.6611328125 0.408203125 0.6669921875 0.4111328125 0.669921875 0.4423828125 0.669921875 0.44921875 0.6650390625 0.44921875 0.6630859375 0.451171875 0.6611328125 0.451171875 0.6474609375 0.4423828125 0.638671875 0.4384765625 0.638671875 0.4365234375 0.63671875 0.431640625 0.6376953125 0.4287109375 0.638671875 0.419921875 0.6474609375
1 0.380859375 0.6708984375 0.380859375 0.6962890625 0.3828125 0.6982421875 0.38671875 0.7080078125 0.3935546875 0.71484375 0.4013671875 0.71484375 0.408203125 0.7060546875 0.408203125 0.7021484375 0.41015625 0.7001953125 0.41015625 0.6728515625 0.4052734375 0.666015625 0.4013671875 0.666015625 0.3994140625 0.6640625 0.3896484375 0.6640625 0.388671875 0.6650390625 0.3857421875 0.666015625 0.380859375 0.6708984375
1 0.328125 0.6220703125 0.328125 0.6240234375 0.322265625 0.6337890625 0.32421875 0.6396484375 0.3310546875 0.64453125 0.3447265625 0.64453125 0.3466796875 0.642578125 0.3525390625 0.642578125 0.3544921875 0.640625 0.3564453125 0.640625 0.365234375 0.6318359375 0.365234375 0.6220703125 0.36328125 0.6201171875 0.36328125 0.6181640625 0.3564453125 0.611328125 0.3427734375 0.611328125 0.341796875 0.6123046875 0.3349609375 0.615234375 0.328125 0.6220703125
0 0.3203125 0.6533203125 0.3203125 0.6552734375 0.318359375 0.6572265625 0.318359375 0.6669921875 0.3271484375 0.67578125 0.3408203125 0.67578125 0.3427734375 0.673828125 0.3447265625 0.673828125 0.349609375 0.6669921875 0.349609375 0.6630859375 0.3515625 0.6611328125 0.349609375 0.6591796875 0.349609375 0.6533203125 0.3408203125 0.64453125 0.3310546875 0.64453125 0.330078125 0.6455078125 0.3271484375 0.646484375 0.3203125 0.6533203125
0 0.466796875 0.6240234375 0.46484375 0.6337890625 0.466796875 0.6357421875 0.466796875 0.6396484375 0.4736328125 0.646484375 0.4755859375 0.646484375 0.4775390625 0.6484375 0.4853515625 0.6484375 0.4873046875 0.646484375 0.4892578125 0.646484375 0.494140625 0.6416015625 0.494140625 0.6396484375 0.49609375 0.6376953125 0.49609375 0.6240234375 0.4931640625 0.623046875 0.4892578125 0.619140625 0.4853515625 0.619140625 0.4794921875 0.615234375 0.4765625 0.6162109375 0.4736328125 0.6171875 0.466796875 0.6240234375
0 0.224609375 0.4228515625 0.22265625 0.4248046875 0.22265625 0.4384765625 0.2314453125 0.447265625 0.2333984375 0.447265625 0.2353515625 0.44921875 0.2373046875 0.44921875 0.2392578125 0.447265625 0.2451171875 0.447265625 0.2470703125 0.4453125 0.2490234375 0.4453125 0.25390625 0.4404296875 0.25390625 0.4267578125 0.251953125 0.4248046875 0.25 0.4189453125 0.2412109375 0.4140625 0.2314453125 0.4140625 0.23046875 0.4150390625 0.224609375 0.4208984375 0.224609375 0.4228515625
0 0.458984375 0.3447265625 0.455078125 0.3505859375 0.455078125 0.3583984375 0.45703125 0.3603515625 0.45703125 0.3623046875 0.4638671875 0.369140625 0.4677734375 0.369140625 0.4697265625 0.37109375 0.4755859375 0.37109375 0.4775390625 0.369140625 0.4833984375 0.3671875 0.48828125 0.3603515625 0.48828125 0.3505859375 0.486328125 0.3486328125 0.486328125 0.3466796875 0.4775390625 0.33984375 0.4638671875 0.33984375 0.462890625 0.3408203125 0.458984375 0.3427734375 0.458984375 0.3447265625