0 0.564453125 0.6064453125 0.5673828125 0.60546875 0.57421875 0.5986328125 0.57421875 0.5966796875 0.576171875 0.5947265625 0.576171875 0.5849609375 0.57421875 0.5830078125 0.57421875 0.5810546875 0.5693359375 0.576171875 0.5673828125 0.576171875 0.5654296875 0.57421875 0.5517578125 0.57421875 0.54296875 0.5830078125 0.54296875 0.5966796875 0.5478515625 0.603515625 0.5498046875 0.603515625 0.5556640625 0.607421875 0.5634765625 0.607421875
0 0.54296875 0.5732421875 0.5478515625 0.572265625 0.5546875 0.5654296875 0.5546875 0.5634765625 0.556640625 0.5615234375 0.556640625 0.5537109375 0.5546875 0.5517578125 0.5546875 0.5498046875 0.5498046875 0.544921875 0.5478515625 0.544921875 0.5458984375 0.54296875 0.5322265625 0.54296875 0.525390625 0.5498046875 0.525390625 0.5537109375 0.5234375 0.5556640625 0.5234375 0.5615234375 0.525390625 0.5634765625 0.525390625 0.5654296875 0.5302734375 0.5703125 0.5322265625 0.5703125 0.5341796875 0.572265625 0.5380859375 0.572265625 0.5400390625 0.57421875
0 0.62109375 0.4951171875 0.6240234375 0.494140625 0.6328125 0.4853515625 0.6328125 0.4716796875 0.6259765625 0.46484375 0.6240234375 0.46484375 0.6220703125 0.462890625 0.6103515625 0.462890625 0.6083984375 0.46484375 0.6064453125 0.46484375 0.6015625 0.4716796875 0.6015625 0.4853515625 0.6064453125 0.4921875 0.6083984375 0.4921875 0.6142578125 0.49609375 0.6201171875 0.49609375
0 0.67578125 0.4853515625 0.681640625 0.4775390625 0.681640625 0.4697265625 0.6796875 0.4677734375 0.6796875 0.4638671875 0.6708984375 0.455078125 0.6689453125 0.455078125 0.6669921875 0.453125 0.6611328125 0.453125 0.65234375 0.4619140625 0.65234375 0.4755859375 0.6611328125 0.484375 0.6630859375 0.484375 0.6650390625 0.486328125 0.6748046875 0.486328125
0 0.751953125 0.4541015625 0.7548828125 0.451171875 0.7568359375 0.451171875 0.76171875 0.4443359375 0.76171875 0.4365234375 0.759765625 0.4345703125 0.759765625 0.4306640625 0.7548828125 0.42578125 0.7529296875 0.42578125 0.7509765625 0.423828125 0.7392578125 0.423828125 0.728515625 0.4345703125 0.728515625 0.4462890625 0.7373046875 0.455078125 0.7509765625 0.455078125
0 0.5859375 0.4365234375 0.5888671875 0.435546875 0.59765625 0.4267578125 0.59765625 0.4169921875 0.5888671875 0.40625 0.5869140625 0.40625 0.5849609375 0.404296875 0.5751953125 0.404296875 0.568359375 0.4091796875 0.568359375 0.4111328125 0.564453125 0.4169921875 0.564453125 0.4287109375 0.56640625 0.4306640625 0.56640625 0.4326171875 0.5712890625 0.4375 0.5849609375 0.4375
0 0.572265625 0.6533203125 0.5771484375 0.65234375 0.583984375 0.6455078125 0.583984375 0.6416015625 0.5859375 0.6396484375 0.5859375 0.6318359375 0.583984375 0.6298828125 0.583984375 0.6279296875 0.5771484375 0.62109375 0.5654296875 0.62109375 0.55859375 0.6279296875 0.55859375 0.6435546875 0.560546875 0.6455078125 0.560546875 0.6513671875 0.5615234375 0.65234375 0.5673828125 0.65234375 0.5693359375 0.654296875
0 0.60546875 0.6787109375 0.6083984375 0.677734375 0.61328125 0.6728515625 0.61328125 0.6708984375 0.615234375 0.6689453125 0.615234375 0.6552734375 0.6083984375 0.6484375 0.6064453125 0.6484375 0.6044921875 0.646484375 0.5927734375 0.646484375 0.5908203125 0.6484375 0.5888671875 0.6484375 0.583984375 0.6533203125 0.583984375 0.6552734375 0.58203125 0.6572265625 0.58203125 0.6689453125 0.5869140625 0.67578125 0.5888671875 0.67578125 0.5947265625 0.6796875 0.6044921875 0.6796875
0 0.626953125 0.7080078125 0.634765625 0.7001953125 0.634765625 0.6962890625 0.63671875 0.6943359375 0.634765625 0.6923828125 0.634765625 0.6865234375 0.6328125 0.6845703125 0.6328125 0.6826171875 0.6279296875 0.677734375 0.6259765625 0.677734375 0.6240234375 0.67578125 0.6123046875 0.67578125 0.6103515625 0.677734375 0.6083984375 0.677734375 0.60546875 0.6806640625 0.60546875 0.6826171875 0.6015625 0.6884765625 0.6015625 0.6943359375 0.603515625 0.6962890625 0.603515625 0.7001953125 0.6123046875 0.708984375 0.6259765625 0.708984375
0 0.626953125 0.3876953125 0.6298828125 0.38671875 0.634765625 0.3818359375 0.634765625 0.3798828125 0.63671875 0.3779296875 0.63671875 0.3701171875 0.634765625 0.3681640625 0.634765625 0.3662109375 0.6279296875 0.359375 0.6162109375 0.359375 0.607421875 0.3681640625 0.607421875 0.3818359375 0.6123046875 0.38671875 0.6142578125 0.38671875 0.6162109375 0.388671875 0.6259765625 0.388671875
1 0.61328125 0.6240234375 0.62109375 0.5947265625 0.63671875 0.5693359375 0.6533203125 0.572265625 0.669921875 0.5576171875 0.6845703125 0.513671875 0.7158203125 0.546875 0.72265625 0.5458984375 0.693359375 0.5166015625 0.6953125 0.4853515625 0.685546875 0.4560546875 0.6689453125 0.4375 0.6455078125 0.42578125 0.640625 0.4287109375 0.642578125 0.4326171875 0.6630859375 0.455078125 0.671875 0.4580078125 0.6796875 0.4697265625 0.6796875 0.4794921875 0.654296875 0.5302734375 0.6279296875 0.556640625 0.6201171875 0.55859375 0.6083984375 0.548828125 0.59765625 0.5556640625 0.6015625 0.6123046875
1 0.73046875 0.5166015625 0.7353515625 0.515625 0.73828125 0.5126953125 0.73828125 0.4755859375 0.7353515625 0.47265625 0.7236328125 0.47265625 0.7216796875 0.474609375 0.7119140625 0.474609375 0.708984375 0.4775390625 0.708984375 0.5126953125 0.7119140625 0.515625 0.7158203125 0.515625 0.7177734375 0.517578125 0.7294921875 0.517578125
1 0.548828125 0.5400390625 0.55078125 0.5380859375 0.55078125 0.5322265625 0.5576171875 0.525390625 0.5615234375 0.525390625 0.5712890625 0.51953125 0.5751953125 0.51953125 0.580078125 0.5166015625 0.580078125 0.5009765625 0.5693359375 0.4921875 0.5654296875 0.4921875 0.5634765625 0.490234375 0.5556640625 0.490234375 0.5537109375 0.4921875 0.5498046875 0.4921875 0.544921875 0.4951171875 0.544921875 0.5029296875 0.546875 0.5048828125 0.546875 0.5087890625 0.544921875 0.5107421875 0.544921875 0.5126953125 0.537109375 0.5205078125 0.537109375 0.5263671875 0.541015625 0.5302734375 0.541015625 0.5341796875 0.5478515625 0.541015625
1 0.486328125 0.5771484375 0.4912109375 0.576171875 0.498046875 0.5693359375 0.498046875 0.5673828125 0.5 0.5654296875 0.5 0.5576171875 0.4833984375 0.5390625 0.4794921875 0.5390625 0.4697265625 0.548828125 0.4677734375 0.548828125 0.4609375 0.5556640625 0.4609375 0.5576171875 0.478515625 0.5751953125 0.4794921875 0.578125 0.4853515625 0.578125
1 0.55078125 0.6611328125 0.5537109375 0.66015625 0.560546875 0.6533203125 0.560546875 0.6435546875 0.55859375 0.6416015625 0.55859375 0.6298828125 0.5537109375 0.625 0.5517578125 0.625 0.5498046875 0.623046875 0.5458984375 0.623046875 0.5439453125 0.62109375 0.5400390625 0.62109375 0.5380859375 0.623046875 0.5322265625 0.623046875 0.52734375 0.6279296875 0.52734375 0.6376953125 0.529296875 0.6396484375 0.529296875 0.6533203125 0.53125 0.6552734375 0.53125 0.6591796875 0.5361328125 0.662109375 0.5498046875 0.662109375
1 0.66796875 0.7021484375 0.673828125 0.6962890625 0.673828125 0.6923828125 0.67578125 0.6904296875 0.67578125 0.6748046875 0.6728515625 0.671875 0.6650390625 0.671875 0.6630859375 0.669921875 0.6572265625 0.669921875 0.6552734375 0.66796875 0.6513671875 0.66796875 0.6494140625 0.666015625 0.6416015625 0.666015625 0.6328125 0.6787109375 0.6328125 0.6865234375 0.634765625 0.6884765625 0.634765625 0.6923828125 0.6416015625 0.697265625 0.6494140625 0.697265625 0.6513671875 0.69921875 0.6552734375 0.69921875 0.6572265625 0.701171875 0.6611328125 0.701171875 0.6630859375 0.703125
1 0.60546875 0.7666015625 0.60546875 0.7607421875 0.611328125 0.7509765625 0.609375 0.7451171875 0.60546875 0.7412109375 0.60546875 0.7392578125 0.6025390625 0.73828125 0.5986328125 0.734375 0.5869140625 0.734375 0.58203125 0.7392578125 0.580078125 0.7451171875 0.576171875 0.7490234375 0.576171875 0.7529296875 0.578125 0.7548828125 0.578125 0.7568359375 0.5849609375 0.763671875 0.5869140625 0.763671875 0.5927734375 0.767578125 0.6044921875 0.767578125
1 0.564453125 0.7470703125 0.5673828125 0.74609375 0.572265625 0.7412109375 0.572265625 0.7392578125 0.576171875 0.7333984375 0.576171875 0.7216796875 0.5712890625 0.71484375 0.5673828125 0.71484375 0.5654296875 0.712890625 0.5517578125 0.712890625 0.5498046875 0.71484375 0.5478515625 0.71484375 0.541015625 0.7216796875 0.541015625 0.7236328125 0.5390625 0.7255859375 0.5390625 0.7294921875 0.541015625 0.7314453125 0.541015625 0.7333984375 0.546875 0.7392578125 0.546875 0.7412109375 0.5517578125 0.74609375 0.5576171875 0.74609375 0.5595703125 0.748046875
0 0.46875 0.5986328125 0.4716796875 0.59765625 0.478515625 0.5908203125 0.478515625 0.5888671875 0.48046875 0.5869140625 0.48046875 0.5791015625 0.478515625 0.5771484375 0.478515625 0.5751953125 0.4716796875 0.568359375 0.4697265625 0.568359375 0.4677734375 0.56640625 0.4560546875 0.56640625 0.4541015625 0.568359375 0.4521484375 0.568359375 0.451171875 0.5712890625 0.447265625 0.5751953125 0.447265625 0.5908203125 0.4541015625 0.59765625 0.4560546875 0.59765625 0.4580078125 0.599609375 0.4677734375 0.599609375