0 0.48828125 0.3935546875 0.4951171875 0.390625 0.5 0.3857421875 0.501953125 0.3759765625 0.5 0.3740234375 0.498046875 0.3681640625 0.4951171875 0.365234375 0.4931640625 0.365234375 0.4912109375 0.36328125 0.4775390625 0.36328125 0.470703125 0.3701171875 0.470703125 0.3720703125 0.46875 0.3740234375 0.46875 0.3818359375 0.470703125 0.3837890625 0.470703125 0.3857421875 0.4775390625 0.392578125 0.4814453125 0.392578125 0.4833984375 0.39453125
0 0.44140625 0.4541015625 0.4443359375 0.453125 0.451171875 0.4462890625 0.451171875 0.4423828125 0.453125 0.4404296875 0.453125 0.4384765625 0.451171875 0.4365234375 0.451171875 0.4326171875 0.4443359375 0.42578125 0.4404296875 0.42578125 0.4384765625 0.423828125 0.4365234375 0.423828125 0.4345703125 0.42578125 0.4306640625 0.42578125 0.4287109375 0.427734375 0.4267578125 0.427734375 0.423828125 0.4306640625 0.423828125 0.4326171875 0.421875 0.4345703125 0.421875 0.4423828125 0.423828125 0.4443359375 0.423828125 0.4482421875 0.4287109375 0.453125 0.4306640625 0.453125 0.4326171875 0.455078125 0.4404296875 0.455078125
0 0.541015625 0.3505859375 0.5478515625 0.34765625 0.55078125 0.3447265625 0.55078125 0.3427734375 0.552734375 0.3408203125 0.552734375 0.3291015625 0.55078125 0.3271484375 0.55078125 0.3251953125 0.5458984375 0.3203125 0.5439453125 0.3203125 0.5419921875 0.318359375 0.5322265625 0.318359375 0.5302734375 0.3203125 0.5283203125 0.3203125 0.521484375 0.3271484375 0.51953125 0.3369140625 0.521484375 0.3388671875 0.521484375 0.3427734375 0.5283203125 0.349609375 0.5302734375 0.349609375 0.5322265625 0.3515625 0.5400390625 0.3515625
0 0.552734375 0.4658203125 0.5556640625 0.46484375 0.560546875 0.4599609375 0.560546875 0.4560546875 0.5625 0.4541015625 0.5625 0.4443359375 0.5537109375 0.435546875 0.5419921875 0.435546875 0.5400390625 0.4375 0.5380859375 0.4375 0.533203125 0.4423828125 0.533203125 0.4443359375 0.53125 0.4462890625 0.53125 0.4541015625 0.533203125 0.4560546875 0.53515625 0.4619140625 0.5380859375 0.46484375 0.5400390625 0.46484375 0.5419921875 0.466796875 0.5517578125 0.466796875
0 0.654296875 0.3232421875 0.6572265625 0.322265625 0.666015625 0.3134765625 0.666015625 0.2998046875 0.6591796875 0.291015625 0.6552734375 0.291015625 0.6533203125 0.2890625 0.6455078125 0.2890625 0.6435546875 0.291015625 0.6396484375 0.291015625 0.6328125 0.2978515625 0.6328125 0.2998046875 0.630859375 0.3017578125 0.630859375 0.3095703125 0.6328125 0.3115234375 0.6328125 0.3154296875 0.6416015625 0.32421875 0.6533203125 0.32421875
0 0.818359375 0.4052734375 0.82421875 0.3994140625 0.82421875 0.3974609375 0.826171875 0.3955078125 0.826171875 0.3818359375 0.8173828125 0.373046875 0.8134765625 0.373046875 0.8115234375 0.37109375 0.8017578125 0.373046875 0.794921875 0.3798828125 0.794921875 0.3818359375 0.79296875 0.3837890625 0.79296875 0.3935546875 0.794921875 0.3955078125 0.794921875 0.3974609375 0.798828125 0.4013671875 0.798828125 0.4033203125 0.8037109375 0.40625 0.8173828125 0.40625
0 0.61328125 0.5341796875 0.6162109375 0.533203125 0.619140625 0.5302734375 0.619140625 0.5263671875 0.62109375 0.5244140625 0.62109375 0.5185546875 0.619140625 0.5166015625 0.6171875 0.5107421875 0.6142578125 0.5078125 0.6123046875 0.5078125 0.6103515625 0.505859375 0.6044921875 0.505859375 0.6025390625 0.5078125 0.5966796875 0.509765625 0.59375 0.5126953125 0.59375 0.5146484375 0.591796875 0.5166015625 0.591796875 0.5244140625 0.6005859375 0.53515625 0.6123046875 0.53515625
0 0.64453125 0.5400390625 0.6474609375 0.537109375 0.650390625 0.5361328125 0.650390625 0.5341796875 0.65234375 0.5322265625 0.65234375 0.5283203125 0.654296875 0.5263671875 0.654296875 0.5224609375 0.65234375 0.5205078125 0.65234375 0.5166015625 0.6455078125 0.509765625 0.6435546875 0.509765625 0.6416015625 0.5078125 0.6337890625 0.5078125 0.6318359375 0.509765625 0.6298828125 0.509765625 0.623046875 0.5166015625 0.623046875 0.5185546875 0.62109375 0.5205078125 0.62109375 0.5302734375 0.623046875 0.5322265625 0.623046875 0.5341796875 0.6279296875 0.5390625 0.6298828125 0.5390625 0.6318359375 0.541015625 0.6435546875 0.541015625
0 0.587890625 0.5556640625 0.5908203125 0.552734375 0.5927734375 0.552734375 0.59765625 0.5458984375 0.59765625 0.5341796875 0.595703125 0.5322265625 0.595703125 0.5302734375 0.5908203125 0.525390625 0.5888671875 0.525390625 0.5869140625 0.5234375 0.5732421875 0.5234375 0.5712890625 0.525390625 0.5693359375 0.525390625 0.564453125 0.5322265625 0.564453125 0.5458984375 0.56640625 0.5478515625 0.56640625 0.5498046875 0.5712890625 0.5546875 0.5732421875 0.5546875 0.5751953125 0.556640625 0.5869140625 0.556640625
0 0.513671875 0.6474609375 0.5166015625 0.646484375 0.521484375 0.6416015625 0.521484375 0.6357421875 0.5234375 0.6337890625 0.5234375 0.6318359375 0.521484375 0.6298828125 0.521484375 0.6259765625 0.5166015625 0.62109375 0.5146484375 0.62109375 0.5126953125 0.619140625 0.5029296875 0.619140625 0.5009765625 0.62109375 0.4990234375 0.62109375 0.494140625 0.6279296875 0.494140625 0.6396484375 0.49609375 0.6416015625 0.49609375 0.6435546875 0.5029296875 0.6484375 0.5126953125 0.6484375
0 0.626953125 0.4599609375 0.6318359375 0.458984375 0.638671875 0.4541015625 0.642578125 0.4423828125 0.640625 0.4404296875 0.640625 0.4365234375 0.6318359375 0.427734375 0.6181640625 0.427734375 0.611328125 0.4326171875 0.611328125 0.4345703125 0.609375 0.4365234375 0.609375 0.4404296875 0.607421875 0.4423828125 0.607421875 0.4482421875 0.609375 0.4501953125 0.609375 0.4521484375 0.6162109375 0.458984375 0.6201171875 0.458984375 0.6220703125 0.4609375
0 0.45703125 0.8310546875 0.4599609375 0.830078125 0.462890625 0.8271484375 0.462890625 0.8251953125 0.466796875 0.8193359375 0.466796875 0.8134765625 0.46484375 0.8115234375 0.46484375 0.8076171875 0.4580078125 0.80078125 0.4443359375 0.80078125 0.4375 0.8076171875 0.4375 0.8095703125 0.435546875 0.8115234375 0.435546875 0.8212890625 0.4375 0.8232421875 0.4375 0.8251953125 0.4443359375 0.83203125 0.4560546875 0.83203125