0 0.5546875 0.3603515625 0.5546875 0.3740234375 0.556640625 0.3759765625 0.556640625 0.3779296875 0.5634765625 0.384765625 0.5751953125 0.384765625 0.5771484375 0.3828125 0.5791015625 0.3828125 0.5859375 0.3759765625 0.5859375 0.3740234375 0.587890625 0.3720703125 0.587890625 0.3681640625 0.5859375 0.3662109375 0.5859375 0.3623046875 0.5771484375 0.353515625 0.5751953125 0.353515625 0.5732421875 0.3515625 0.5673828125 0.3515625 0.56640625 0.3525390625 0.5615234375 0.353515625 0.5546875 0.3603515625
0 0.44140625 0.3994140625 0.44140625 0.4013671875 0.439453125 0.4033203125 0.439453125 0.4150390625 0.44140625 0.4169921875 0.44140625 0.4189453125 0.4462890625 0.423828125 0.4482421875 0.423828125 0.4501953125 0.42578125 0.4599609375 0.42578125 0.470703125 0.4189453125 0.470703125 0.4169921875 0.47265625 0.4150390625 0.47265625 0.4033203125 0.470703125 0.4013671875 0.470703125 0.3994140625 0.4658203125 0.39453125 0.4638671875 0.39453125 0.4619140625 0.392578125 0.4501953125 0.392578125 0.44921875 0.3935546875 0.4462890625 0.39453125 0.44140625 0.3994140625
0 0.451171875 0.4462890625 0.447265625 0.4501953125 0.447265625 0.4521484375 0.4453125 0.4541015625 0.4453125 0.4619140625 0.4541015625 0.470703125 0.4560546875 0.470703125 0.4580078125 0.47265625 0.4697265625 0.47265625 0.4716796875 0.470703125 0.4736328125 0.470703125 0.478515625 0.4658203125 0.478515625 0.4521484375 0.4765625 0.4501953125 0.4765625 0.4482421875 0.4697265625 0.44140625 0.4560546875 0.44140625 0.455078125 0.4423828125 0.4521484375 0.443359375 0.451171875 0.4462890625
0 0.408203125 0.5009765625 0.408203125 0.5146484375 0.41015625 0.5166015625 0.41015625 0.5185546875 0.4189453125 0.525390625 0.4326171875 0.525390625 0.4345703125 0.5234375 0.4365234375 0.5234375 0.44140625 0.5166015625 0.44140625 0.5126953125 0.443359375 0.5107421875 0.443359375 0.5029296875 0.44140625 0.5009765625 0.44140625 0.4990234375 0.4345703125 0.4921875 0.4326171875 0.4921875 0.4306640625 0.490234375 0.4189453125 0.490234375 0.41796875 0.4912109375 0.4150390625 0.4921875 0.408203125 0.5009765625
0 0.33984375 0.4658203125 0.33984375 0.4814453125 0.3466796875 0.48828125 0.3486328125 0.48828125 0.3505859375 0.490234375 0.3603515625 0.490234375 0.3623046875 0.48828125 0.3642578125 0.48828125 0.373046875 0.4794921875 0.373046875 0.4658203125 0.3681640625 0.458984375 0.3662109375 0.458984375 0.3603515625 0.455078125 0.3525390625 0.455078125 0.3515625 0.4560546875 0.3486328125 0.45703125 0.33984375 0.4658203125
0 0.548828125 0.5244140625 0.548828125 0.5302734375 0.546875 0.5322265625 0.548828125 0.5341796875 0.548828125 0.5400390625 0.5556640625 0.546875 0.5576171875 0.546875 0.5595703125 0.548828125 0.5673828125 0.548828125 0.5693359375 0.546875 0.5751953125 0.544921875 0.578125 0.5419921875 0.578125 0.5400390625 0.580078125 0.5380859375 0.580078125 0.5263671875 0.578125 0.5244140625 0.578125 0.5224609375 0.5732421875 0.517578125 0.5712890625 0.517578125 0.5693359375 0.515625 0.5595703125 0.515625 0.55859375 0.5166015625 0.5556640625 0.517578125 0.548828125 0.5244140625
0 0.373046875 0.6064453125 0.373046875 0.6103515625 0.37109375 0.6123046875 0.37109375 0.6142578125 0.373046875 0.6162109375 0.373046875 0.6220703125 0.3818359375 0.630859375 0.3837890625 0.630859375 0.3857421875 0.6328125 0.3916015625 0.6328125 0.3935546875 0.630859375 0.3974609375 0.630859375 0.3994140625 0.62890625 0.4013671875 0.62890625 0.40625 0.6240234375 0.40625 0.6220703125 0.408203125 0.6201171875 0.408203125 0.6083984375 0.3974609375 0.59765625 0.3955078125 0.59765625 0.3935546875 0.595703125 0.3876953125 0.595703125 0.38671875 0.5966796875 0.3818359375 0.59765625 0.373046875 0.6064453125
0 0.330078125 0.6220703125 0.328125 0.6240234375 0.328125 0.6357421875 0.33203125 0.6396484375 0.33203125 0.6416015625 0.3408203125 0.646484375 0.3486328125 0.646484375 0.3505859375 0.64453125 0.3564453125 0.642578125 0.361328125 0.6376953125 0.361328125 0.6337890625 0.36328125 0.6318359375 0.361328125 0.6220703125 0.3525390625 0.61328125 0.3369140625 0.61328125 0.3359375 0.6142578125 0.330078125 0.6201171875 0.330078125 0.6220703125
0 0.419921875 0.6337890625 0.419921875 0.6357421875 0.416015625 0.6416015625 0.416015625 0.6513671875 0.41796875 0.6533203125 0.41796875 0.6552734375 0.4248046875 0.662109375 0.4267578125 0.662109375 0.4287109375 0.6640625 0.4384765625 0.6640625 0.4404296875 0.662109375 0.4423828125 0.662109375 0.447265625 0.6572265625 0.447265625 0.6552734375 0.44921875 0.6533203125 0.44921875 0.6396484375 0.447265625 0.6376953125 0.447265625 0.6357421875 0.4423828125 0.630859375 0.4384765625 0.630859375 0.4365234375 0.62890625 0.4287109375 0.62890625 0.427734375 0.6298828125 0.4228515625 0.630859375 0.419921875 0.6337890625
0 0.5078125 0.6279296875 0.5078125 0.6416015625 0.5166015625 0.650390625 0.5263671875 0.65234375 0.5283203125 0.650390625 0.5322265625 0.650390625 0.5341796875 0.6484375 0.5361328125 0.6484375 0.5390625 0.6455078125 0.5390625 0.6435546875 0.54296875 0.6376953125 0.54296875 0.6298828125 0.541015625 0.6279296875 0.5390625 0.6220703125 0.5361328125 0.619140625 0.5341796875 0.619140625 0.5322265625 0.6171875 0.5224609375 0.6171875 0.521484375 0.6181640625 0.5166015625 0.619140625 0.5078125 0.6279296875
0 0.4453125 0.6962890625 0.443359375 0.6982421875 0.4453125 0.7080078125 0.4541015625 0.716796875 0.4560546875 0.716796875 0.4619140625 0.720703125 0.4716796875 0.720703125 0.4736328125 0.71875 0.4755859375 0.71875 0.482421875 0.7119140625 0.482421875 0.7099609375 0.484375 0.7080078125 0.484375 0.6962890625 0.482421875 0.6943359375 0.482421875 0.6923828125 0.4736328125 0.685546875 0.4697265625 0.685546875 0.4677734375 0.68359375 0.4541015625 0.68359375 0.453125 0.6845703125 0.4453125 0.6923828125 0.4453125 0.6962890625
0 0.498046875 0.7451171875 0.498046875 0.7470703125 0.49609375 0.7490234375 0.49609375 0.7626953125 0.5029296875 0.76953125 0.5048828125 0.76953125 0.5068359375 0.771484375 0.5185546875 0.771484375 0.5205078125 0.76953125 0.5224609375 0.76953125 0.52734375 0.7626953125 0.52734375 0.7587890625 0.529296875 0.7568359375 0.52734375 0.7470703125 0.5205078125 0.740234375 0.5185546875 0.740234375 0.5166015625 0.73828125 0.5068359375 0.73828125 0.505859375 0.7392578125 0.5029296875 0.740234375 0.498046875 0.7451171875
0 0.30859375 0.7275390625 0.30859375 0.7294921875 0.3046875 0.7353515625 0.3046875 0.7470703125 0.306640625 0.7490234375 0.306640625 0.7509765625 0.3115234375 0.755859375 0.3134765625 0.755859375 0.3154296875 0.7578125 0.3271484375 0.7578125 0.3291015625 0.755859375 0.3310546875 0.755859375 0.341796875 0.7451171875 0.341796875 0.7412109375 0.34375 0.7392578125 0.341796875 0.7294921875 0.3369140625 0.724609375 0.3330078125 0.724609375 0.3310546875 0.72265625 0.3154296875 0.72265625 0.314453125 0.7236328125 0.3115234375 0.724609375 0.30859375 0.7275390625
0 0.5078125 0.5615234375 0.5061100734374999 0.5694052734375 0.5078125 0.5771484375 0.509765625 0.5791015625 0.509765625 0.5810546875 0.5166015625 0.5859375 0.5322265625 0.5859375 0.5390625 0.5791015625 0.5390625 0.5771484375 0.541015625 0.5751953125 0.541015625 0.5654296875 0.5390625 0.5634765625 0.5390625 0.5615234375 0.5322265625 0.5546875 0.5302734375 0.5546875 0.5283203125 0.552734375 0.5205078125 0.552734375 0.51953125 0.5537109375 0.5126953125 0.556640625 0.5078125 0.5615234375