1 0.763671875 0.4501953125 0.7666015625 0.44921875 0.7724609375 0.443359375 0.7744140625 0.443359375 0.79296875 0.4248046875 0.7890625 0.4150390625 0.7802734375 0.40625 0.7783203125 0.40625 0.7763671875 0.404296875 0.7705078125 0.404296875 0.7685546875 0.40625 0.7666015625 0.40625 0.7607421875 0.412109375 0.7587890625 0.412109375 0.744140625 0.4267578125 0.744140625 0.4306640625 0.74609375 0.4326171875 0.74609375 0.4345703125 0.75390625 0.4423828125 0.75390625 0.4443359375 0.7626953125 0.451171875
1 0.734375 0.3896484375 0.7431640625 0.38671875 0.7470703125 0.3828125 0.7490234375 0.3828125 0.7529296875 0.37890625 0.755859375 0.3779296875 0.755859375 0.3681640625 0.751953125 0.3623046875 0.751953125 0.3583984375 0.7451171875 0.3515625 0.7431640625 0.3515625 0.7373046875 0.35546875 0.7333984375 0.35546875 0.7314453125 0.357421875 0.7294921875 0.357421875 0.7255859375 0.361328125 0.7236328125 0.361328125 0.71875 0.3681640625 0.71875 0.3701171875 0.72265625 0.3740234375 0.728515625 0.3876953125 0.7314453125 0.390625
1 0.640625 0.3779296875 0.6474609375 0.376953125 0.6533203125 0.373046875 0.6572265625 0.373046875 0.662109375 0.3701171875 0.662109375 0.3681640625 0.666015625 0.3623046875 0.666015625 0.3525390625 0.662109375 0.3486328125 0.6611328125 0.345703125 0.6591796875 0.345703125 0.6572265625 0.34375 0.6435546875 0.34375 0.6416015625 0.345703125 0.6357421875 0.345703125 0.6337890625 0.34765625 0.6240234375 0.34765625 0.609375 0.3583984375 0.607421875 0.3642578125 0.609375 0.3662109375 0.609375 0.3681640625 0.6142578125 0.373046875 0.6162109375 0.373046875 0.6220703125 0.376953125 0.6259765625 0.376953125 0.6279296875 0.37890625 0.6396484375 0.37890625
1 0.595703125 0.4013671875 0.60546875 0.3955078125 0.60546875 0.3935546875 0.607421875 0.3916015625 0.607421875 0.3798828125 0.6005859375 0.373046875 0.5986328125 0.373046875 0.5947265625 0.369140625 0.5849609375 0.369140625 0.580078125 0.3740234375 0.58203125 0.3759765625 0.58203125 0.3779296875 0.572265625 0.3876953125 0.572265625 0.3896484375 0.5751953125 0.392578125 0.5771484375 0.392578125 0.58203125 0.3974609375 0.5830078125 0.400390625 0.5849609375 0.400390625 0.5869140625 0.40234375 0.5947265625 0.40234375
1 0.587890625 0.4931640625 0.59765625 0.4833984375 0.59765625 0.4794921875 0.6015625 0.4736328125 0.6015625 0.4716796875 0.599609375 0.4697265625 0.599609375 0.4658203125 0.5966796875 0.462890625 0.5927734375 0.462890625 0.5908203125 0.4609375 0.5830078125 0.4609375 0.5810546875 0.458984375 0.5673828125 0.458984375 0.5654296875 0.4609375 0.5615234375 0.4609375 0.560546875 0.4638671875 0.5576171875 0.46484375 0.552734375 0.4697265625 0.552734375 0.4716796875 0.55078125 0.4736328125 0.55078125 0.4794921875 0.5615234375 0.494140625 0.5869140625 0.494140625
1 0.60546875 0.5615234375 0.6083984375 0.55859375 0.611328125 0.5576171875 0.611328125 0.5556640625 0.61328125 0.5537109375 0.61328125 0.5478515625 0.615234375 0.5458984375 0.615234375 0.5419921875 0.62109375 0.5361328125 0.623046875 0.5263671875 0.6201171875 0.525390625 0.6181640625 0.52734375 0.6123046875 0.52734375 0.6044921875 0.51953125 0.5986328125 0.51953125 0.5859375 0.5283203125 0.5859375 0.5361328125 0.58203125 0.5400390625 0.58203125 0.5478515625 0.5849609375 0.55078125 0.5947265625 0.55078125 0.595703125 0.5537109375 0.6044921875 0.5625
1 0.67578125 0.5908203125 0.67578125 0.5888671875 0.677734375 0.5869140625 0.677734375 0.5712890625 0.6767578125 0.5703125 0.6748046875 0.5703125 0.6669921875 0.564453125 0.6630859375 0.564453125 0.6591796875 0.560546875 0.6455078125 0.560546875 0.642578125 0.5634765625 0.642578125 0.5771484375 0.64453125 0.5791015625 0.64453125 0.5908203125 0.6455078125 0.591796875 0.6748046875 0.591796875
1 0.849609375 0.5224609375 0.853515625 0.5185546875 0.853515625 0.5126953125 0.85546875 0.5107421875 0.85546875 0.5048828125 0.859375 0.4990234375 0.859375 0.4951171875 0.861328125 0.4931640625 0.86328125 0.4873046875 0.8544921875 0.482421875 0.8447265625 0.48046875 0.8408203125 0.4765625 0.8349609375 0.4765625 0.83203125 0.4814453125 0.83203125 0.4853515625 0.830078125 0.4873046875 0.828125 0.4970703125 0.82421875 0.5029296875 0.82421875 0.5166015625 0.8271484375 0.51953125 0.8330078125 0.51953125 0.8349609375 0.521484375 0.8447265625 0.521484375 0.8466796875 0.5234375
1 0.9140625 0.5009765625 0.9169921875 0.5 0.919921875 0.4951171875 0.919921875 0.4775390625 0.9150390625 0.470703125 0.9130859375 0.470703125 0.9111328125 0.46875 0.9052734375 0.46875 0.9033203125 0.466796875 0.8935546875 0.466796875 0.8916015625 0.46875 0.8876953125 0.46875 0.8818359375 0.46484375 0.8779296875 0.46484375 0.873046875 0.4677734375 0.873046875 0.4697265625 0.8671875 0.4775390625 0.8671875 0.4794921875 0.869140625 0.4814453125 0.869140625 0.4873046875 0.8720703125 0.490234375 0.8779296875 0.490234375 0.8916015625 0.498046875 0.8974609375 0.498046875 0.8994140625 0.5 0.9052734375 0.5 0.9072265625 0.501953125 0.9130859375 0.501953125
0 0.662109375 0.2666015625 0.6669921875 0.265625 0.673828125 0.2587890625 0.673828125 0.2568359375 0.67578125 0.2548828125 0.67578125 0.2509765625 0.673828125 0.2490234375 0.673828125 0.2451171875 0.671875 0.2431640625 0.671875 0.2412109375 0.6650390625 0.234375 0.6533203125 0.234375 0.6513671875 0.236328125 0.6494140625 0.236328125 0.642578125 0.2431640625 0.642578125 0.2568359375 0.6494140625 0.263671875 0.6513671875 0.263671875 0.6572265625 0.267578125
0 0.568359375 0.3544921875 0.576171875 0.3466796875 0.576171875 0.3427734375 0.578125 0.3408203125 0.576171875 0.3310546875 0.5693359375 0.32421875 0.5576171875 0.32421875 0.5556640625 0.326171875 0.5537109375 0.326171875 0.546875 0.3330078125 0.546875 0.3349609375 0.544921875 0.3369140625 0.544921875 0.3447265625 0.546875 0.3466796875 0.548828125 0.3525390625 0.5537109375 0.35546875 0.5673828125 0.35546875
0 0.515625 0.4501953125 0.5234375 0.4423828125 0.5234375 0.4404296875 0.525390625 0.4384765625 0.525390625 0.4326171875 0.5234375 0.4306640625 0.5234375 0.4267578125 0.521484375 0.4248046875 0.521484375 0.4228515625 0.5166015625 0.41796875 0.5146484375 0.41796875 0.5126953125 0.416015625 0.5009765625 0.416015625 0.4990234375 0.41796875 0.4970703125 0.41796875 0.4921875 0.4228515625 0.4921875 0.4248046875 0.490234375 0.4267578125 0.490234375 0.4384765625 0.4970703125 0.447265625 0.4990234375 0.447265625 0.5048828125 0.451171875 0.5146484375 0.451171875
0 0.69921875 0.3779296875 0.705078125 0.3720703125 0.705078125 0.3701171875 0.70703125 0.3681640625 0.70703125 0.3564453125 0.705078125 0.3544921875 0.705078125 0.3525390625 0.6962890625 0.345703125 0.6845703125 0.345703125 0.6826171875 0.34765625 0.6806640625 0.34765625 0.67578125 0.3525390625 0.67578125 0.3544921875 0.673828125 0.3564453125 0.673828125 0.3701171875 0.6826171875 0.37890625 0.6982421875 0.37890625
0 0.6875 0.4111328125 0.69140625 0.4052734375 0.69140625 0.3955078125 0.689453125 0.3935546875 0.6875 0.3876953125 0.6826171875 0.3828125 0.6806640625 0.3828125 0.6787109375 0.380859375 0.6689453125 0.380859375 0.6669921875 0.3828125 0.6650390625 0.3828125 0.662109375 0.3857421875 0.662109375 0.3876953125 0.66015625 0.3896484375 0.66015625 0.3935546875 0.658203125 0.3955078125 0.66015625 0.3974609375 0.66015625 0.4033203125 0.662109375 0.4052734375 0.662109375 0.4072265625 0.6689453125 0.412109375 0.6865234375 0.412109375
0 0.6796875 0.4267578125 0.6845703125 0.42578125 0.6875 0.4228515625 0.6875 0.4169921875 0.6826171875 0.412109375 0.6806640625 0.412109375 0.6787109375 0.41015625 0.6630859375 0.41015625 0.65625 0.4169921875 0.65625 0.4228515625 0.6630859375 0.427734375 0.6787109375 0.427734375
0 0.857421875 0.4501953125 0.86328125 0.4443359375 0.86328125 0.4423828125 0.865234375 0.4404296875 0.865234375 0.4208984375 0.86328125 0.4189453125 0.86328125 0.4150390625 0.8583984375 0.41015625 0.8564453125 0.41015625 0.8544921875 0.408203125 0.8505859375 0.408203125 0.8486328125 0.41015625 0.8427734375 0.41015625 0.8408203125 0.412109375 0.8388671875 0.412109375 0.830078125 0.4228515625 0.830078125 0.4384765625 0.83203125 0.4404296875 0.833984375 0.4462890625 0.8408203125 0.451171875 0.8564453125 0.451171875
0 0.87890625 0.4150390625 0.8818359375 0.4140625 0.888671875 0.4072265625 0.888671875 0.4033203125 0.890625 0.4013671875 0.888671875 0.3994140625 0.888671875 0.3955078125 0.8798828125 0.38671875 0.8759765625 0.38671875 0.8740234375 0.384765625 0.8720703125 0.38671875 0.8662109375 0.38671875 0.8642578125 0.388671875 0.8623046875 0.388671875 0.857421875 0.3935546875 0.857421875 0.3974609375 0.85546875 0.3994140625 0.85546875 0.4052734375 0.857421875 0.4072265625 0.857421875 0.4091796875 0.8623046875 0.4140625 0.8642578125 0.4140625 0.8662109375 0.416015625 0.8779296875 0.416015625
0 0.76953125 0.3642578125 0.7724609375 0.36328125 0.779296875 0.3564453125 0.779296875 0.3544921875 0.78125 0.3525390625 0.78125 0.3427734375 0.779296875 0.3408203125 0.779296875 0.3388671875 0.7744140625 0.333984375 0.7724609375 0.333984375 0.7705078125 0.33203125 0.7587890625 0.33203125 0.7568359375 0.333984375 0.7548828125 0.333984375 0.75 0.3388671875 0.75 0.3408203125 0.748046875 0.3427734375 0.748046875 0.3544921875 0.7568359375 0.36328125 0.7587890625 0.36328125 0.7607421875 0.365234375 0.7685546875 0.365234375