1 0.65234375 0.3779296875 0.658203125 0.3740234375 0.658203125 0.3701171875 0.66015625 0.3681640625 0.66015625 0.3662109375 0.658203125 0.3642578125 0.658203125 0.3603515625 0.65625 0.3583984375 0.654296875 0.3525390625 0.6513671875 0.349609375 0.6455078125 0.349609375 0.6416015625 0.353515625 0.6357421875 0.353515625 0.6337890625 0.3515625 0.6298828125 0.3515625 0.6220703125 0.345703125 0.6162109375 0.34375 0.611328125 0.3486328125 0.609375 0.3544921875 0.603515625 0.3603515625 0.603515625 0.3662109375 0.6103515625 0.37109375 0.6142578125 0.37109375 0.6162109375 0.373046875 0.6201171875 0.373046875 0.6220703125 0.375 0.6259765625 0.375 0.6279296875 0.376953125 0.6494140625 0.376953125 0.6513671875 0.37890625
1 0.787109375 0.4033203125 0.796875 0.3994140625 0.798828125 0.3955078125 0.798828125 0.3876953125 0.7802734375 0.369140625 0.7646484375 0.361328125 0.7607421875 0.357421875 0.7529296875 0.357421875 0.7490234375 0.359375 0.7421875 0.3681640625 0.7421875 0.3759765625 0.7470703125 0.380859375 0.7529296875 0.380859375 0.7548828125 0.37890625 0.759765625 0.3837890625 0.759765625 0.3974609375 0.7646484375 0.40234375 0.7685546875 0.40234375 0.7705078125 0.404296875 0.7744140625 0.40234375 0.7841796875 0.40234375 0.7861328125 0.404296875
1 0.7265625 0.4072265625 0.7275390625 0.40625 0.7373046875 0.40625 0.73828125 0.4052734375 0.73828125 0.3916015625 0.736328125 0.3896484375 0.734375 0.3798828125 0.7314453125 0.376953125 0.7021484375 0.376953125 0.69921875 0.3798828125 0.69921875 0.4052734375 0.7021484375 0.408203125 0.7255859375 0.408203125
1 0.810546875 0.4775390625 0.8154296875 0.47265625 0.8173828125 0.47265625 0.830078125 0.4599609375 0.830078125 0.4560546875 0.826171875 0.4521484375 0.826171875 0.4501953125 0.8173828125 0.44140625 0.8115234375 0.44140625 0.8095703125 0.443359375 0.7998046875 0.447265625 0.79296875 0.4541015625 0.79296875 0.4560546875 0.7890625 0.4619140625 0.79296875 0.4658203125 0.79296875 0.4677734375 0.8037109375 0.478515625 0.8095703125 0.478515625
1 0.83984375 0.5029296875 0.8427734375 0.501953125 0.845703125 0.4970703125 0.845703125 0.4814453125 0.84375 0.4794921875 0.84375 0.4736328125 0.8408203125 0.470703125 0.8193359375 0.470703125 0.818359375 0.4755859375 0.81640625 0.4775390625 0.81640625 0.4970703125 0.818359375 0.4990234375 0.818359375 0.5009765625 0.8193359375 0.501953125 0.8330078125 0.501953125 0.8349609375 0.50390625
1 0.7265625 0.5498046875 0.7353515625 0.544921875 0.7451171875 0.54296875 0.748046875 0.5400390625 0.748046875 0.5380859375 0.74609375 0.5361328125 0.74609375 0.5341796875 0.744140625 0.5322265625 0.744140625 0.5302734375 0.7421875 0.5283203125 0.736328125 0.5146484375 0.7314453125 0.51171875 0.7294921875 0.513671875 0.7275390625 0.513671875 0.7255859375 0.515625 0.7119140625 0.521484375 0.708984375 0.5244140625 0.7109375 0.5341796875 0.716796875 0.5419921875 0.716796875 0.5439453125 0.7236328125 0.55078125
1 0.75 0.5986328125 0.7509765625 0.59765625 0.7568359375 0.59765625 0.7587890625 0.595703125 0.7666015625 0.595703125 0.76953125 0.5927734375 0.76953125 0.5888671875 0.767578125 0.5869140625 0.767578125 0.5810546875 0.765625 0.5791015625 0.765625 0.5732421875 0.763671875 0.5712890625 0.763671875 0.5673828125 0.7607421875 0.564453125 0.7548828125 0.564453125 0.7529296875 0.56640625 0.7490234375 0.56640625 0.7470703125 0.568359375 0.7392578125 0.568359375 0.734375 0.5712890625 0.734375 0.5732421875 0.736328125 0.5751953125 0.736328125 0.5849609375 0.73828125 0.5869140625 0.73828125 0.5947265625 0.740234375 0.5966796875 0.740234375 0.5986328125 0.7412109375 0.599609375 0.7490234375 0.599609375
1 0.6796875 0.5380859375 0.6865234375 0.537109375 0.6884765625 0.53515625 0.6943359375 0.533203125 0.69921875 0.5263671875 0.69921875 0.5126953125 0.697265625 0.5107421875 0.697265625 0.4931640625 0.6884765625 0.482421875 0.6689453125 0.482421875 0.6640625 0.4892578125 0.6640625 0.5166015625 0.666015625 0.5185546875 0.66796875 0.5322265625 0.6728515625 0.537109375 0.6748046875 0.537109375 0.6767578125 0.5390625
1 0.650390625 0.5205078125 0.654296875 0.5146484375 0.654296875 0.4912109375 0.6513671875 0.48828125 0.6337890625 0.48828125 0.62890625 0.4970703125 0.62890625 0.5185546875 0.6318359375 0.521484375 0.6494140625 0.521484375
1 0.64453125 0.6279296875 0.6474609375 0.626953125 0.6572265625 0.6171875 0.6591796875 0.6171875 0.6640625 0.6123046875 0.6640625 0.6103515625 0.66015625 0.6064453125 0.66015625 0.6044921875 0.650390625 0.5947265625 0.650390625 0.5927734375 0.6455078125 0.587890625 0.6416015625 0.587890625 0.626953125 0.6025390625 0.626953125 0.6044921875 0.625 0.6064453125 0.626953125 0.6083984375 0.62890625 0.6142578125 0.6328125 0.6181640625 0.6328125 0.6201171875 0.6416015625 0.62890625
1 0.62890625 0.6650390625 0.6337890625 0.6640625 0.6357421875 0.662109375 0.6416015625 0.66015625 0.6484375 0.6533203125 0.6484375 0.6513671875 0.646484375 0.6494140625 0.64453125 0.6396484375 0.642578125 0.6376953125 0.638671875 0.6279296875 0.6337890625 0.623046875 0.6201171875 0.623046875 0.607421875 0.6318359375 0.607421875 0.6376953125 0.609375 0.6396484375 0.611328125 0.6494140625 0.61328125 0.6513671875 0.6171875 0.6611328125 0.6220703125 0.666015625 0.6279296875 0.666015625
1 0.583984375 0.6689453125 0.5869140625 0.66796875 0.5908203125 0.6640625 0.5927734375 0.6640625 0.5966796875 0.66015625 0.5986328125 0.66015625 0.6064453125 0.654296875 0.6083984375 0.654296875 0.611328125 0.6494140625 0.609375 0.6474609375 0.609375 0.6435546875 0.607421875 0.6416015625 0.607421875 0.6396484375 0.603515625 0.6357421875 0.603515625 0.6337890625 0.599609375 0.6298828125 0.5986328125 0.626953125 0.5927734375 0.626953125 0.5830078125 0.634765625 0.5810546875 0.634765625 0.5751953125 0.638671875 0.5712890625 0.638671875 0.5673828125 0.642578125 0.564453125 0.6435546875 0.564453125 0.6494140625 0.5703125 0.6572265625 0.572265625 0.6630859375 0.5791015625 0.669921875
1 0.5625 0.5830078125 0.572265625 0.5712890625 0.572265625 0.5693359375 0.57421875 0.5673828125 0.57421875 0.5615234375 0.576171875 0.5595703125 0.576171875 0.5556640625 0.578125 0.5537109375 0.578125 0.5458984375 0.576171875 0.5439453125 0.576171875 0.5419921875 0.5712890625 0.537109375 0.5693359375 0.537109375 0.5673828125 0.53515625 0.5576171875 0.53515625 0.5556640625 0.537109375 0.5537109375 0.537109375 0.546875 0.5439453125 0.546875 0.5595703125 0.544921875 0.5615234375 0.546875 0.5634765625 0.546875 0.5673828125 0.548828125 0.5693359375 0.548828125 0.5771484375 0.55078125 0.5791015625 0.55078125 0.5810546875 0.5537109375 0.583984375 0.5615234375 0.583984375
0 0.724609375 0.3037109375 0.7275390625 0.302734375 0.734375 0.2958984375 0.734375 0.2939453125 0.736328125 0.2919921875 0.736328125 0.2861328125 0.734375 0.2841796875 0.734375 0.2802734375 0.732421875 0.2783203125 0.732421875 0.2763671875 0.7294921875 0.2734375 0.7275390625 0.2734375 0.7255859375 0.271484375 0.7138671875 0.271484375 0.7119140625 0.2734375 0.7099609375 0.2734375 0.705078125 0.2783203125 0.701171875 0.2900390625 0.703125 0.2919921875 0.705078125 0.2978515625 0.7099609375 0.302734375 0.7119140625 0.302734375 0.7138671875 0.3046875 0.7236328125 0.3046875
0 0.455078125 0.5068359375 0.4560546875 0.505859375 0.4638671875 0.505859375 0.4658203125 0.50390625 0.4677734375 0.50390625 0.474609375 0.4970703125 0.474609375 0.4833984375 0.4677734375 0.4765625 0.4658203125 0.4765625 0.4638671875 0.474609375 0.4580078125 0.474609375 0.4560546875 0.47265625 0.4443359375 0.4765625 0.44140625 0.4794921875 0.44140625 0.4814453125 0.439453125 0.4833984375 0.439453125 0.4873046875 0.4375 0.4892578125 0.4375 0.4912109375 0.439453125 0.4931640625 0.439453125 0.4990234375 0.4462890625 0.505859375 0.4521484375 0.505859375 0.4541015625 0.5078125
0 0.49609375 0.5615234375 0.4990234375 0.560546875 0.50390625 0.5556640625 0.50390625 0.5537109375 0.505859375 0.5517578125 0.505859375 0.5439453125 0.50390625 0.5419921875 0.50390625 0.5400390625 0.4970703125 0.533203125 0.4951171875 0.533203125 0.4931640625 0.53125 0.4833984375 0.53125 0.4814453125 0.533203125 0.4794921875 0.533203125 0.474609375 0.5380859375 0.474609375 0.5400390625 0.47265625 0.5419921875 0.47265625 0.5517578125 0.4814453125 0.560546875 0.4833984375 0.560546875 0.4853515625 0.5625 0.4951171875 0.5625
0 0.787109375 0.4931640625 0.7939453125 0.490234375 0.794921875 0.4873046875 0.798828125 0.4833984375 0.798828125 0.4716796875 0.791015625 0.4638671875 0.7900390625 0.4609375 0.7861328125 0.4609375 0.7841796875 0.458984375 0.7763671875 0.458984375 0.771484375 0.4619140625 0.771484375 0.4638671875 0.765625 0.4716796875 0.765625 0.4814453125 0.767578125 0.4833984375 0.767578125 0.4853515625 0.7744140625 0.4921875 0.7763671875 0.4921875 0.7783203125 0.494140625 0.7861328125 0.494140625
0 0.693359375 0.3173828125 0.6962890625 0.31640625 0.705078125 0.3076171875 0.705078125 0.2958984375 0.703125 0.2939453125 0.703125 0.2919921875 0.6982421875 0.287109375 0.6962890625 0.287109375 0.6943359375 0.28515625 0.6826171875 0.28515625 0.6806640625 0.287109375 0.6787109375 0.287109375 0.673828125 0.2919921875 0.673828125 0.2939453125 0.671875 0.2958984375 0.671875 0.3056640625 0.673828125 0.3076171875 0.673828125 0.3095703125 0.6806640625 0.31640625 0.6826171875 0.31640625 0.6845703125 0.318359375 0.6923828125 0.318359375